377
740
196
338
480
328
21
432
826
674
829
718
104
326
421
448
151
442
235
198
975
748
119
208
41
400
306
142
250
43
903
969
188
366
394
378
100
330
237
28
254
301
561
824
292
215
457
366
606
180
769
178
907
61
222
674
741
493
0
323
683
613
890
379
392
252
315
319
408
743
524
249
19
1
545
437
250
399
205
920
871
451
693
470
713
866
751
55
780
492
364
453
335
304
24
548
199
105
115
942
137
681
575
626
237
201
977
216
838
834
397
860
157
739
419
133
910
583
454
665
434
514
818
543
747
928
837
816
990
442
134
794
11
742
562
555
288
433
526
278
243
140
383
469
294
65
901
740
957
920
710
486
571
314
799
342
714
593
148
203
322
546
745
577
48
656
433
304
592
878
875
715
718
641
725
136
861
240
881
551
970
433
60
744
627
713
13
53
337
103
555
889
645
261
199
36
255
92
760
693
777
371
741
75
450
221
925
687
414
308
442
577
843
885
772
733
902
354
10
858
580
677
484
39
437
752
948
834
978
686
906
383
375
309
390
329
620
539
617
856
693
906
548
119
297
546
66
328
520
33
586
367
630
521
644
368
108
814
260
325
653
458
396
664
798
87
860
857
759
713
133
285
270
213
548
244
891
578
786
205
525
531
207
304
251
485
38
39
384
619
660
74
629
996
306
510
602
550
339
217
16
465
727
428
997
418
301
685
354
186
431
296
881
123
39
698
232
231
728
378
683
12
311
413
374
600
616
996
31
85
765
163
186
225
321
928
78
884
683
270
125
799
414
998
553
670
757
777
753
409
916
76
579
293
929
433
355
25
530
758
850
616
304
924
58
507
336
301
293
664
251
995
974
595
899
730
895
903
486
81
513
64
319
106
2
88
583
603
305
893
587
584
397
132
623
375
467
892
816
752
902
233
95
463
881
779
866
671
536
586
876
149
653
521
805
182
598
124
372
774
859
639
320
446
285
92
46
353
202
880
741
227
293
403
397
503
435
251
942
371
104
524
493
738
784
838
593
990
826
130
52
799
342
650
941
797
430
388
514
38
787
395
346
316
719
219
577
894
103
967
516
233
444
440
804
187
703
644
97
84
729
784
483
722
701
723
221
471
557
1
470
65
521
169
924
382
774
84
197
881
106
698
376
654
438
411
14
317
269
350
135
542
937
714
670
818
813
110
702
618
740
263
502
247
64
422
631
653
151
411
895
908
680
834
518
556
267
408
374
12
559
338
144
303
85
122
976
845
825
408
202
249
241
889
206
892
557
774
71
565
62
499
746
602
940
226
538
872
976
155
816
444
56
763
239
428
417
967
342
148
166
995
958
392
150
363
915
675
284
156
296
746
64
400
27
521
563
485
191
423
767
449
8
280
541
556
258
455
568
970
210
510
999
652
246
516
848
753
296
353
408
790
821
89
551
15
524
434
696
568
426
36
206
974
419
533
185
475
371
454
768
729
922
789
697
614
557
143
220
584
353
82
13
326
523
756
120
243
355
196
575
752
159
419
663
452
764
630
881
450
791
987
868
120
57
246
55
991
393
151
916
364
59
689
105
818
142
745
544
1
404
737
614
767
298
624
560
425
871
408
537
159
402
772
960
681
836
540
470
250
308
438
438
240
441
979
373
164
554
563
905
940
841
885
654
218
215
912
147
233
449
287
12
852
367
900
304
899
453
420
914
138
747
154
77
72
247
859
576
369
874
630
649
752
864
486
701
397
633
909
494
103
452
646
390
686
892
695
840
383
434
666
926
789
201
182
452
800
657
503
563
221
516
926
602
458
44
222
999
140
37
709
956
855
7
978
228
905
379
897
532
83
790
721
998
957
916
887
969
893
36
456
741
612
426
584
506
869
474
98
48
843
15
482
608
470
571
775
378
873
801
127
184
691
494
62
567
631
86
359
678
371
971
661
63
506
984
854
51
38
4
677
322
702
418
514
0
103
590
768
619
962
985
508
328
242
53
421
973
648
28
331
545
853
410
64
464
787
84
838
595
120
688
572
172
760
812
161
735
78
50
331
979
879
945
499
344
156
807
985
99
802
658
352
229
311
86
382
282
938
104
883
788
984
906
691
472
999
623
169
264
272
934
97
384
910
307
834
412
822
216
623
446
434
588
105
806
181
626
459
657
885
242
281
900
992
156
197
162
821
288
335
753
881
739
585
355
946
180
84
528
915
389
803
585
916
125
754
231
309
658
530
634
847
267
268
982
255
780
7
375
232
675
224
21
819
847
789
754
430
488
262
761
967
673
56
233
683
242
487
222
896
66
736
521
243
586
632
429
678
637
164
963
706
459
999
744
269
437
481
497
95
91
346
217
375
360
195
817
989
911
972
230
700
367
480
721
542
650
498
111
971
531
162
969
160
598
951
494
384
57
323
731
498
600
86
605
190
751
847
70
13
944
70
947
524
588
335
118
988
94
476
463
858
779
803
925
670
270
622
923
618
568
189
53
809
644
780
913
873
921
26
243
470
496
808
89
13
845
313
821
866
883
660
153
886
280
403
20
416
584
264
899
207
45
907
827
169
107
986
162
307
610
86
813
286
892
205
524
42
847
457
34
162
397
669
897
451
326
663
274
954
383
7
729
97
988
858
599
606
353
555
90
889
54
831
511
815
1
531
216
999
93
917
656
713
359
19
602
414
562
115
994
192
297
25
987
622
489
630
32
556
129
891
566
229
346
770
734
542
632
477
865
185
467
742
236
338
7
898
962
930
254
875
185
45
888
984
180
90
537
299
640
783
105
655
523
822
33
403
630
160
792
344
883
876
173
299
945
163
263
615
484
580
736
42
586
319
921
202
561
120
743
60
331
194
731
513
723
782
951
958
674
471
59
678
434
970
600
622
500
927
748
156
452
246
564
165
722
393
152
146
188
772
855
318
350
523
500
807
948
89
944
862
222
256
655
629
682
361
695
868
104
889
626
367
142
167
364
0
468
838
640
820
834
843
398
461
901
733
415
500
64
19
705
128
31
918
749
455
399
717
510
824
98
615
212
531
558
265
590
686
93
899
703
20
383
417
279
164
699
163
858
804
925
17
373
655
625
79
812
586
373
97
849
567
629
699
368
92
128
600
902
924
0
253
567
711
127
880
286
384
37
882
831
387
277
463
848
801
335
782
791
761
993
41
309
253
806
787
424
854
920
568
214
157
762
518
21
919
910
494
719
44
830
479
83
845
670
175
751
511
670
942
681
552
109
322
901
37
856
825
825
542
763
214
788
54
446
515
580
106
761
943
575
950
234
228
906
574
131
55
853
192
57
341
583
324
542
223
421
260
600
202
950
318
995
774
107
867
529
512
834
699
130
453
89
95
894
774
735
91
503
35
214
22
788
165
309
215
160
301
458
870
282
938
429
188
957
258
319
863
863
921
601
566
862
479
481
910
998
705
559
215
488
54
327
598
61
28
199
327
952
854
495
350
657
941
856
595
981
401
709
344
171
633
734
79
882
590
356
429
669
937
479
534
393
180
74
251
85
772
656
519
616
881
896
945
497
23
948
438
895
396
376
951
545
806
437
635
144
176
653
865
336
233
424
252
309
274
645
522
187
994
301
355
205
88
338
387
815
443
341
924
256
713
4
883
286
747
706
820
365
409
792
165
859
759
681
261
226
795
260
607
969
282
970
831
284
151
583
215
575
751
342
598
978
179
893
966
982
323
640
408
126
604
1
742
96
78
733
837
971
804
497
182
931
888
91
487
79
218
597
10
348
741
109
521
234
767
616
637
172
643
156
978
229
669
557
360
534
521
279
617
700
640
202
274
990
584
20
839
212
414
944
808
939
939
940
202
29
377
288
267
125
960
586
254
848
185
263
191
343
893
804
899
961
315
930
623
501
6
640
476
413
943
634
780
415
675
240
84
869
131
169
669
788
788
30
960
977
867
11
622
263
79
256
937
542
178
862
555
597
661
164
249
472
80
561
747
868
451
4
915
119
971
344
319
334
492
931
557
270
15
653
938
107
561
870
30
23
824
776
352
970
947
364
130
407
229
672
64
544
189
622
667
96
405
152
276
158
900
663
439
529
106
234
102
783
976
627
126
984
562
382
130
911
770
4
683
96
754
548
825
492
422
792
632
602
611
109
177
361
32
796
964
992
312
605
7
350
280
628
526
565
251
468
103
560
184
239
88
310
988
143
600
615
130
463
422
155
356
99
810
866
692
606
342
806
755
867
289
596
357
859
32
922
344
588
281
650
159
274
669
444
607
47
89
931
45
647
498
997
841
71
114
710
396
931
307
998
105
598
495
830
299
940
858
739
467
692
869
273
596
689
495
888
478
368
313
108
370
843
599
454
432
340
174
224
403
477
998
110
902
44
526
712
254
261
87
44
43
279
614
624
363
376
721
261
45
964
356
647
911
881
592
313
21
766
930
965
31
26
324
793
221
312
74
893
353
568
834
321
793
737
737
588
864
387
6
351
257
17
358
79
727
291
451
825
259
2
825
944
178
548
839
187
370
711
334
938
674
882
562
278
811
383
761
888
47
389
732
865
901
938
114
825
677
638
772
756
326
778
992
974
969
455
749
615
330
100
183
866
515
695
192
911
645
860
684
81
828
555
175
937
189
380
757
473
311
974
125
861
675
932
443
539
481
65
776
891
760
491
49
274
10
842
329
337
994
892
340
466
531
833
945
442
526
65
858
546
583
654
771
119
957
636
133
482
468
356
214
162
569
904
63
21
401
425
986
398
726
212
757
840
759
355
335
664
691
239
262
864
570
43
35
992
520
476
755
407
479
725
730
608
640
824
614
792
709
638
645
99
966
431
413
222
102
396
870
943
209
529
581
632
828
705
336
427
553
578
513
304
430
608
465
273
417
205
474
742
10
302
304
276
445
385
173
609
434
306
169
795
371
20
179
118
817
300
166
596
683
274
330
822
749
169
829
153
705
902
158
852
452
357
790
278
111
718
980
164
425
983
372
720
797
907
819
61
789
24
737
87
579
870
987
839
392
379
187
772
379
116
143
717
887
166
948
939
873
459
788
84
45
143
763
2
820
842
393
786
796
824
741
360
412
564
335
431
130
516
112
662
500
37
201
806
295
806
268
217
191
19
322
493
211
264
770
85
180
677
723
576
754
737
78
122
267
207
795
257
657
230
647
979
447
852
775
635
656
498
443
818
451
778
666
474
743
124
997
421
599
785
27
700
627
647
345
507
299
107
747
122
903
149
204
23
752
829
702
391
429
851
678
843
843
668
551
671
621
441
449
822
139
241
934
625
962
702
345
742
120
797
515
645
50
591
635
190
956
653
209
790
892
912
312
257
363
118
374
377
617
409
81
636
260
473
991
900
309
914
658
639
7
368
286
407
172
374
600
940
214
599
910
901
151
771
389
590
430
107
834
4
407
80
433
739
717
366
123
448
982
766
528
395
91
592
457
259
690
583
744
846
467
79
366
608
539
218
721
72
120
231
80
819
522
484
109
800
634
810
702
882
842
247
159
76
81
202
855
646
865
22
757
486
878
729
768
818
685
719
528
522
710
527
532
530
376
407
169
781
184
27
395
597
405
889
147
975
907
544
502
204
219
727
85
593
907
106
822
184
959
382
351
895
355
654
618
543
827
318
481
959
202
797
631
222
92
456
41
984
904
568
543
72
589
285
499
395
639
629
293
749
790
605
592
77
212
784
133
187
121
853
930
162
173
274
302
441
161
63
907
187
962
14
729
614
282
990
683
689
517
894
928
574
462
582
337
23
44
666
810
36
772
72
230
539
92
88
83
649
840
595
679
548
573
748
998
779
864
500
97
333
338
658
565
230
299
86
205
320
679
870
564
62
9
874
419
68
235
650
771
506
735
368
96
39
333
200
19
699
754
508
370
716
169
115
677
866
945
881
368
822
658
626
656
245
332
720
20
194
327
229
866
969
537
794
130
809
143
581
843
281
803
801
744
531
302
95
519
197
603
515
254
916
320
242
418
139
977
734
53
554
499
884
299
866
906
69
306
380
687
672
155
97
985
921
761
332
894
490
829
236
135
399
283
462
974
56
245
359
516
240
187
174
707
739
411
192
61
732
666
709
624
43
935
264
406
678
456
765
749
303
412
610
127
859
772
256
79
578
974
83
753
146
744
716
940
134
294
8
136
140
712
457
526
676
10
210
792
917
625
752
269
289
7
548
809
633
812
85
399
851
353
115
292
55
26
942
122
930
455
869
701
809
502
522
989
127
601
434
881
321
72
115
964
567
547
398
767
477
247
443
411
528
602
396
881
172
891
474
976
449
555
339
537
839
322
446
618
846
768
621
998
688
569
912
174
402
4
347
214
37
344
829
494
891
476
761
707
693
249
770
714
762
981
336
96
281
215
367
57
239
371
334
3
428
337
285
886
384
862
607
58
459
734
415
325
346
11
735
304
342
103
508
556
950
35
477
742
460
730
667
21
277
581
602
188
298
403
948
648
12
348
167
759
524
386
61
643
673
421
178
106
522
801
131
259
131
543
345
391
716
181
348
82
797
146
660
965
894
722
723
697
834
122
879
329
628
641
987
36
818
428
949
974
486
716
978
883
108
493
798
335
29
182
48
29
113
672
65
369
76
588
421
532
783
838
706
612
223
912
925
637
91
700
965
312
470
546
167
863
309
914
664
298
547
927
361
697
911
593
724
318
383
332
765
229
278
394
364
748
761
610
503
185
959
723
213
909
326
577
581
675
643
842
380
548
233
862
573
378
803
817
242
311
396
79
969
737
715
178
659
508
797
699
462
469
10
707
385
671
586
444
264
508
648
945
645
424
700
694
758
277
807
654
831
831
847
199
692
148
371
652
376
354
304
527
820
964
577
408
839
322
373
503
35
765
90
458
88
276
640
787
402
373
857
625
406
379
196
650
66
417
856
98
418
880
382
42
510
203
463
576
40
460
340
526
988
634
549
442
945
514
737
610
220
575
628
353
915
368
679
770
639
468
472
536
890
820
530
232
200
157
392
597
291
864
803
477
78
840
228
220
43
840
698
909
256
854
876
784
779
944
339
909
791
169
631
156
383
896
82
726
174
534
41
835
281
762
254
137
485
458
691
85
562
656
601
130
241
151
326
83
450
272
533
974
125
213
247
88
258
473
728
7
757
147
773
463
169
165
480
988
717
509
350
889
579
879
648
484
413
612
189
574
435
796
305
50
815
868
430
224
130
59
673
863
495
135
328
445
301
991
487
900
594
20
825
548
202
289
172
686
647
420
53
396
850
664
235
531
848
520
839
562
593
714
121
154
353
78
382
89
49
362
653
52
104
219
873
969
490
698
472
759
515
72
51
994
973
728
678
438
652
504
415
640
603
962
35
924
32
445
356
974
834
643
527
320
67
439
129
173
968
590
954
600
141
727
225
652
669
703
311
248
735
357
649
510
653
679
996
961
166
39
389
745
587
710
504
373
207
556
606
963
103
465
100
110
89
938
758
989
297
371
10
196
757
133
225
449
754
173
976
926
361
137
973
518
369
599
958
573
920
84
874
736
604
654
803
254
291
511
627
746
714
710
963
750
507
564
91
957
703
775
99
461
931
454
288
208
296
986
323
894
618
925
3
360
514
843
531
555
175
345
21
454
415
654
486
258
11
196
659
334
912
867
137
524
946
83
419
884
619
451
676
42
417
947
956
486
478
410
383
888
665
149
353
526
121
253
590
708
258
636
734
359
224
819
877
510
864
331
993
925
62
278
228
431
345
329
322
119
971
777
804
763
381
38
611
990
503
872
904
777
644
341
919
141
596
77
341
375
995
642
870
504
311
279
185
880
246
691
40
727
830
626
422
840
231
705
909
642
707
796
232
931
493
997
699
364
999
451
403
427
85
829
367
97
751
505
517
401
445
630
458
721
450
130
305
697
683
641
197
85
713
211
930
712
841
920
405
519
357
554
323
55
268
863
191
388
132
746
285
719
32
853
556
554
340
941
289
267
429
946
750
596
398
258
217
883
941
609
504
427
948
742
443
309
67
797
898
724
658
444
509
924
340
149
867
294
104
999
961
147
897
65
116
986
469
692
898
760
547
228
779
683
125
547
261
947
701
538
597
854
700
813
193
406
686
417
433
688
553
404
535
164
339
161
612
364
875
839
777
595
56
413
407
508
335
789
558
676
288
50
466
213
471
719
476
432
872
997
525
725
11
640
669
250
416
255
505
62
860
582
130
9
185
234
2
226
219
488
26
340
391
522
287
662
678
303
52
542
743
486
864
145
859
31
183
553
874
758
47
867
419
756
521
956
256
420
663
921
536
439
53
719
694
437
376
197
310
593
315
596
256
255
376
559
509
140
963
93
798
714
770
553
941
343
321
154
755
345
811
4
464
536
130
82
448
80
935
925
515
33
877
390
189
628
504
4
860
461
155
139
177
552
55
521
485
889
575
798
60
972
744
87
15
525
839
479
339
294
58
667
919
251
536
760
548
538
580
508
357
580
324
405
629
483
961
698
63
736
31
924
209
906
332
176
786
500
214
908
698
971
492
115
441
962
654
887
375
541
529
794
467
399
82
513
695
896
500
886
616
990
941
768
444
62
482
569
268
599
859
508
617
684
522
968
11
4
820
694
76
480
970
651
355
880
673
802
396
434
413
722
708
840
197
118
779
140
335
215
802
555
516
275
820
916
150
335
89
500
342
81
853
751
547
731
384
740
148
684
998
141
327
985
198
914
994
483
48
665
294
349
976
44
539
925
375
32
990
404
800
749
592
844
488
342
824
421
871
79
497
835
59
534
534
24
875
976
201
914
345
177
667
416
833
934
429
806
814
323
678
971
260
420
909
667
640
458
534
38
851
837
842
220
965
128
390
427
303
894
126
926
169
694
314
36
417
341
678
259
317
129
472
759
472
702
339
618
952
863
912
145
449
66
820
417
458
856
740
453
148
959
396
21
659
222
792
492
477
877
258
246
672
463
498
428
712
405
52
550
814
232
922
307
780
154
914
784
948
697
907
363
505
649
721
834
733
693
96
973
857
706
724
621
355
704
463
80
834
678
308
818
677
745
681
96
345
976
266
452
169
663
7
969
912
439
815
818
706
542
534
147
696
144
482
547
610
321
907
205
111
77
457
201
496
447
8
644
435
650
254
865
324
535
349
674
909
892
267
863
117
669
862
913
375
122
494
428
129
493
859
671
661
302
413
33
749
677
827
154
15
507
739
323
864
357
927
331
941
29
865
87
452
31
957
252
857
86
453
588
677
760
386
563
640
69
53
46
847
919
214
903
97
22
428
838
123
219
123
47
844
447
212
148
354
375
326
8
779
806
914
752
128
687
76
53
827
813
397
314
370
594
366
790
292
376
15
111
160
327
493
348
37
476
754
268
627
962
877
304
48
335
131
330
103
142
118
73
179
532
41
458
698
985
382
901
156
501
678
464
227
941
56
452
652
393
493
946
307
203
935
953
373
821
34
456
198
239
435
426
524
453
213
627
459
689
618
501
470
170
302
903
447
784
679
387
198
18
769
971
998
566
863
551
5
109
196
877
682
608
295
53
632
731
76
456
729
85
151
293
662
625
931
831
58
260
721
631
975
363
324
777
224
936
49
453
525
960
124
837
325
669
158
214
510
387
715
461
936
977
455
615
183
735
361
780
215
670
647
393
434
615
529
449
621
180
330
144
433
13
776
988
52
881
461
696
336
378
662
926
388
370
16
496
534
559
731
619
658
825
567
160
364
692
851
480
977
935
68
244
20
943
570
822
780
304
583
592
514
34
160
111
689
244
222
955
902
679
422
6
55
73
556
686
296
845
783
353
56
892
605
444
866
474
919
728
903
775
936
985
617
48
567
252
779
929
707
445
396
642
318
979
146
835
722
656
923
357
409
592
438
7
137
85
856
10
203
140
315
561
924
913
305
640
837
346
622
135
693
66
227
59
247
836
807
27
886
690
32
650
84
857
31
157
314
531
226
826
554
800
674
467
688
641
269
46
799
612
462
162
304
397
504
288
732
215
674
347
179
359
268
654
54
520
599
361
686
553
19
407
903
751
490
360
775
464
617
949
329
686
319
525
230
107
734
403
923
591
95
626
429
260
890
62
825
402
74
624
856
740
687
454
431
261
989
428
173
216
282
939
734
420
517
420
437
400
402
2
478
840
122
505
593
980
583
142
946
97
69
413
429
855
451
457
870
79
97
228
639
254
404
203
563
778
749
836
560
607
31
759
634
879
943
358
489
996
390
426
76
299
874
276
319
407
227
413
264
847
481
627
848
157
202
952
269
804
465
968
291
437
138
703
338
486
58
20
883
648
756
966
109
579
422
802
964
152
2
454
697
323
608
189
548
355
529
976
773
151
158
229
403
70
23
6
44
195
487
512
699
636
805
702
751
885
326
786
136
822
853
152
252
749
156
991
776
193
36
29
530
341
913
150
571
557
337
376
978
81
75
989
507
227
612
270
287
373
172
81
5
252
223
319
758
923
72
749
182
214
896
4
550
228
660
47
783
311
548
377
185
732
120
864
633
945
13
106
969
360
957
426
113
143
733
199
875
472
288
970
612
108
728
993
447
183
244
765
435
248
533
108
229
528
219
28
936
548
517
285
472
976
534
962
399
402
546
972
223
233
383
954
606
472
25
552
335
202
190
531
828
891
768
239
369
337
672
613
861
830
400
181
42
819
617
243
619
882
251
409
357
432
251
929
94
653
246
493
690
673
388
61
589
501
184
972
811
172
100
432
106
852
145
332
345
4
332
420
586
403
203
564
154
914
119
148
914
40
596
412
998
761
28
496
554
978
682
497
957
259
329
304
733
513
885
839
18
159
665
558
495
352
255
183
42
636
111
543
437
501
583
689
717
117
792
104
280
493
121
240
852
244
197
138
722
490
607
27
625
712
646
63
558
687
115
511
753
793
575
213
92
151
554
335
860
248
174
464
490
899
42
143
979
930
802
177
963
467
700
386
841
283
189
611
356
561
402
240
867
869
355
658
113
683
313
260
183
48
664
420
28
992
384
384
728
153
141
889
174
191
335
809
279
613
724
229
915
549
208
15
283
20
719
602
538
317
121
26
42
920
748
808
42
479
584
536
789
421
251
319
478
659
541
84
15
649
21
121
274
541
410
550
966
378
175
562
371
368
422
31
160
884
13
249
801
101
557
819
111
810
206
135
320
291
337
919
461
410
862
60
114
998
20
970
136
748
815
598
398
441
843
933
655
817
246
827
132
877
524
133
970
277
396
491
230
770
224
469
997
126
722
577
425
419
641
334
29
52
675
921
425
124
740
97
81
425
821
777
807
493
664
81
930
41
704
777
686
877
13
156
538
792
252
781
753
921
430
144
344
584
143
223
263
12
662
175
739
602
5
7
903
638
614
237
994
978
261
101
228
856
253
630
626
837
530
619
777
276
582
643
23
523
863
325
972
462
245
275
184
271
561
738
143
791
441
692
999
84
353
434
962
790
235
385
743
487
575
359
242
759
253
434
4
329
151
78
29
38
492
809
517
260
631
917
123
706
166
553
661
595
351
556
166
92
60
751
397
76
175
982
562
279
841
603
667
463
851
702
741
39
672
461
119
557
842
644
927
108
57
210
104
531
450
712
435
590
580
5
194
342
966
787
260
88
395
512
314
199
704
322
720
6
116
467
512
406
406
300
256
760
877
113
691
545
680
713
637
319
46
512
72
731
239
634
956
125
810
630
99
382
264
285
531
375
581
142
676
436
151
104
313
716
150
275
99
655
468
51
305
84
286
450
668
798
656
736
543
171
968
442
940
905
56
684
873
461
638
668
377
513
129
141
262
241
730
764
229
11
426
403
178
201
642
160
362
740
852
377
264
54
537
214
463
179
260
954
350
709
556
991
217
395
920
870
796
758
434
784
818
464
397
716
540
825
19
14
390
143
247
959
691
425
562
967
168
296
521
380
478
971
859
525
785
45
48
287
382
917
644
403
905
466
427
59
764
1
527
439
179
860
933
505
68
945
158
889
693
220
825
325
870
474
150
904
581
211
853
445
808
339
908
105
108
261
471
571
532
404
650
233
326
808
226
416
904
385
898
303
688
204
674
129
305
991
489
117
736
505
179
692
406
491
205
46
985
974
309
417
331
160
519
79
683
422
298
50
354
31
354
199
46
826
262
917
739
453
737
360
632
444
406
198
389
818
580
782
506
175
681
896
314
830
787
948
566
802
473
851
726
53
329
492
683
20
251
716
904
953
521
837
375
102
58
97
696
180
132
700
843
350
919
260
390
357
665
302
411
568
140
341
777
703
547
849
243
13
659
418
917
487
751
288
994
917
347
145
419
20
562
278
690
542
971
226
388
351
790
743
381
884
493
39
662
738
493
68
81
960
772
124
109
251
100
941
661
564
997
513
274
607
537
390
233
715
513
653
24
857
549
140
257
475
249
346
553
754
187
543
634
500
856
382
108
568
766
8
883
927
60
645
410
353
966
393
501
961
693
809
124
598
827
889
667
119
908
300
630
475
168
295
770
874
261
866
975
963
473
956
122
386
253
186
614
501
925
963
994
644
723
563
430
44
268
714
615
126
674
593
666
64
177
200
117
743
437
959
569
791
40
567
204
714
930
547
506
897
416
649
108
801
511
159
817
884
955
315
704
523
408
220
872
742
337
958
79
328
46
54
342
145
392
115
758
473
48
29
315
766
862
941
494
899
974
511
41
997
908
424
884
58
528
985
580
608
924
29
123
360
227
69
827
557
588
101
259
85
411
819
860
995
881
763
141
77
442
90
203
633
756
373
13
143
767
925
763
51
456
713
814
187
63
144
602
551
889
290
745
97
384
177
713
2
861
849
813
637
160
73
546
445
703
406
247
551
354
67
512
27
655
622
412
629
48
721
201
234
546
756
26
713
353
220
455
815
303
922
210
951
876
394
346
92
896
574
528
940
619
687
63
500
573
816
865
634
369
943
492
683
92
192
979
881
828
999
272
47
171
898
304
437
355
353
175
275
627
195
898
900
464
438
428
401
575
90
128
446
454
947
53
421
666
866
40
637
595
943
250
822
908
484
42
908
151
408
326
294
581
239
395
226
3
27
444
583
896
946
414
814
675
715
34
341
881
893
660
473
444
71
241
792
295
374
709
217
253
662
610
904
730
767
581
194
185
659
442
753
69
690
527
356
900
947
534
367
908
55
492
34
593
627
239
864
359
258
877
439
42
860
895
238
349
112
668
536
367
489
210
812
441
703
775
438
388
125
398
262
992
795
253
707
520
656
346
75
497
605
846
194
352
520
386
316
611
212
510
0
24
842
928
948
41
542
562
31
705
552
252
183
409
892
592
544
715
417
413
709
944
147
491
558
861
206
806
678
239
776
821
783
423
920
817
4
241
961
371
547
918
869
422
22
978
672
892
557
616
915
389
673
441
184
841
927
331
753
975
607
574
352
926
320
26
266
800
905
876
317
319
663
111
194
200
142
247
105
244
566
633
153
644
12
855
952
5
193
128
709
233
883
163
743
677
654
491
721
898
887
998
590
98
293
888
627
708
260
246
821
875
959
708
559
408
137
631
399
344
745
942
14
369
552
875
355
894
743
824
316
801
546
605
840
840
83
597
251
0
124
240
822
118
709
444
250
773
86
140
785
489
129
731
250
874
144
609
807
444
350
828
300
419
453
178
582
428
227
323
686
447
465
195
873
945
651
525
181
749
901
579
930
346
23
625
826
280
567
402
14
732
344
531
455
307
420
507
598
380
923
524
424
901
680
587
666
215
316
882
69
718
634
920
45
896
30
294
636
304
523
426
246
122
991
384
496
830
389
540
954
354
502
333
15
503
261
379
525
198
622
513
733
163
882
661
808
751
82
629
459
12
510
860
289
234
249
137
692
687
722
344
520
754
617
34
324
256
11
784
302
224
37
269
969
97
641
809
365
139
912
641
420
138
660
700
300
711
344
369
510
338
311
700
42
610
742
775
709
716
71
165
528
898
675
242
382
234
531
406
290
136
938
632
850
374
106
455
412
623
706
404
139
683
850
19
310
428
675
353
317
632
909
95
225
31
877
660
151
748
747
665
409
249
174
453
849
627
820
481
611
36
298
534
206
695
965
786
230
742
770
818
537
399
936
73
131
613
640
303
521
419
846
341
639
139
79
156
366
372
638
669
550
3
837
379
483
600
300
212
695
625
161
271
228
173
93
640
372
726
247
503
295
529
495
422
288
282
305
497
213
40
571
71
457
591
765
503
863
781
684
582
421
908
547
421
915
334
295
911
654
447
222
832
38
940
947
641
472
937
984
303
544
416
840
117
439
734
519
54
189
455
593
52
348
2
260
30
184
183
796
747
438
636
481
966
760
367
590
370
243
246
496
108
445
626
841
520
782
842
88
884
954
380
423
601
592
422
73
727
978
523
982
640
161
705
396
589
612
246
979
212
125
331
485
347
920
777
1
438
633
408
27
821
145
95
393
921
548
581
108
813
970
662
569
457
17
337
171
825
515
582
79
572
529
589
764
416
820
233
941
259
203
428
660
533
718
884
388
809
790
27
259
370
383
820
530
978
395
593
19
654
52
250
446
509
765
928
760
703
53
207
504
43
490
753
31
544
870
472
724
13
280
196
297
916
754
714
933
104
978
37
55
616
752
118
267
500
275
895
741
420
672
734
983
248
856
805
856
730
820
838
780
824
512
611
250
981
793
915
350
799
36
121
699
683
117
143
644
92
881
704
751
171
536
42
694
465
954
378
60
191
805
530
689
958
128
653
474
363
23
555
528
706
252
648
923
291
398
223
130
98
841
549
618
504
506
232
433
256
988
517
829
324
692
928
774
404
469
366
173
488
265
623
96
558
166
624
635
373
680
164
468
626
976
770
858
607
673
938
595
289
482
258
33
787
341
117
329
854
140
298
728
194
378
562
417
550
973
347
335
603
502
322
164
535
202
661
468
45
305
254
105
417
576
12
971
377
125
948
27
639
551
916
229
340
615
152
128
807
582
430
668
298
77
947
78
197
531
761
370
228
183
392
246
331
882
600
191
218
527
233
219
68
899
58
10
721
699
878
529
516
382
524
300
230
568
517
864
329
839
857
418
337
110
786
839
636
36
146
529
491
384
609
723
152
411
62
322
215
162
222
712
210
503
915
885
500
147
755
828
959
578
714
679
808
3
762
600
736
474
510
862
958
739
526
40
144
917
181
585
529
761
158
432
252
206
117
866
694
523
938
694
394
536
968
277
790
209
635
621
842
775
768
192
681
565
382
69
463
852
378
323
947
35
506
181
527
759
695
903
794
595
357
100
862
372
286
945
461
756
914
737
686
345
267
157
46
392
365
55
378
179
347
500
849
821
948
541
798
734
789
736
602
472
360
856
688
852
753
701
618
833
993
424
986
730
396
288
114
347
790
466
77
696
730
825
646
386
162
786
750
207
210
594
996
21
383
358
68
906
222
783
362
787
358
880
271
743
335
565
690
495
100
562
251
357
692
693
256
518
895
833
50
614
732
519
386
190
431
723
621
748
422
49
567
823
277
571
587
276
632
80
112
67
766
66
664
936
453
635
394
166
512
973
263
862
925
189
538
400
786
867
672
756
624
697
406
752
128
86
722
510
354
877
722
0
781
839
177
291
337
633
56
637
303
467
913
509
970
871
486
702
175
738
936
471
119
802
132
850
157
692
967
463
67
257
227
52
775
876
921
435
395
3
302
928
98
351
211
133
310
945
628
533
911
323
826
657
14
649
595
474
95
546
807
940
973
903
22
10
71
366
765
212
288
723
800
18
581
28
529
724
743
735
150
8
632
963
697
766
618
112
49
315
43
612
797
632
757
994
601
815
297
849
337
250
164
582
618
368
778
207
480
724
703
606
746
515
885
934
290
290
71
68
88
474
555
637
190
745
718
920
503
310
250
8
40
105
147
1
608
252
559
676
260
978
579
848
499
19
242
263
240
937
400
746
694
634
61
434
214
834
718
620
875
916
821
696
167
860
992
839
966
245
719
238
136
746
167
651
517
547
516
875
840
974
811
85
302
887
189
455
760
982
655
811
707
212
310
757
225
217
128
716
160
476
62
562
793
560
910
802
443
280
605
685
982
823
114
1
507
662
181
247
656
675
222
559
482
978
506
266
83
611
975
836
91
511
905
4
986
800
934
233
843
285
451
10
885
631
562
530
83
818
819
39
995
3
783
502
212
147
315
36
200
485
649
859
785
186
219
47
296
574
913
780
984
966
802
54
953
393
766
877
105
920
722
499
340
443
765
58
668
322
647
127
269
468
298
221
399
408
312
720
542
558
924
247
494
880
605
765
343
650
964
932
744
195
30
382
232
799
405
105
160
339
194
270
645
461
117
319
625
797
389
51
297
675
594
95
601
782
864
826
379
894
126
813
878
320
188
61
979
956
836
70
563
915
518
414
189
346
295
788
940
710
645
539
4
667
177
854
413
693
543
314
848
682
65
346
358
186
919
827
856
76
523
598
785
926
457
715
432
432
396
183
666
398
652
93
364
88
275
98
22
192
974
24
738
624
33
393
396
733
363
134
780
387
113
747
430
479
6
352
323
923
968
871
528
593
926
980
452
272
845
262
592
972
682
689
150
325
554
525
612
934
885
255
682
175
968
186
62
506
522
498
593
63
831
13
963
132
320
62
865
109
739
542
143
731
822
105
168
548
271
259
658
488
263
245
583
299
62
848
261
907
576
165
999
200
756
254
437
523
117
572
303
276
41
478
95
980
799
739
683
387
269
573
281
503
96
658
438
627
917
704
871
327
660
332
481
633
68
727
547
664
193
541
121
465
186
315
620
472
919
68
996
253
408
577
783
56
169
515
500
402
898
766
800
554
842
828
954
144
283
282
754
585
880
811
323
688
763
567
458
206
156
168
902
869
20
697
263
31
216
444
156
597
256
558
660
71
382
24
966
24
668
53
132
554
895
347
930
477
616
32
21
103
129
259
726
441
197
835
797
134
935
592
115
241
764
52
664
826
245
102
42
716
605
291
951
446
321
33
970
932
869
929
889
665
843
856
375
579
270
226
869
195
989
892
884
504
219
893
190
559
274
663
426
905
104
184
190
137
362
976
310
648
606
486
130
327
109
891
342
945
532
787
28
746
259
683
596
655
822
915
483
939
858
162
977
100
482
896
308
912
335
789
818
791
118
435
196
878
963
778
839
645
611
944
36
662
495
282
310
402
980
420
19
610
256
305
116
719
839
344
479
78
595
75
844
763
810
821
980
9
65
31
765
460
678
118
770
611
868
21
127
525
248
683
19
399
232
105
510
791
746
546
657
64
58
599
837
954
78
70
460
813
556
318
868
66
555
282
442
558
206
528
835
68
413
812
725
382
886
741
572
336
801
788
8
73
729
13
244
430
677
860
385
749
79
293
33
435
460
871
272
962
498
422
549
355
848
715
606
220
678
699
641
62
454
393
743
349
450
504
586
892
589
354
432
573
318
790
464
939
662
425
192
92
419
363
185
565
453
893
619
588
341
604
626
452
342
85
386
929
907
117
470
873
312
643
747
258
517
349
644
221
957
228
759
735
725
813
204
952
239
396
502
882
646
527
34
520
428
964
28
480
680
936
313
415
899
454
736
167
937
976
841
887
156
84
519
319
484
326
258
799
140
262
732
427
766
254
166
837
590
531
195
95
827
533
874
890
122
340
409
409
701
401
444
491
113
574
701
377
357
787
462
429
934
518
562
842
767
102
993
46
478
508
290
57
10
151
739
832
192
26
443
427
693
588
137
463
990
372
526
824
67
711
797
255
458
312
714
972
311
522
88
192
417
477
581
562
840
578
848
420
155
13
691
433
86
558
555
565
72
940
964
697
90
839
90
817
340
152
706
788
465
535
759
584
579
249
544
287
770
572
158
282
365
24
156
952
267
579
135
403
227
105
125
719
903
911
873
735
495
730
988
223
906
665
529
232
135
108
151
923
266
671
977
189
219
895
17
443
48
847
440
3
554
647
195
902
429
450
192
134
24
859
70
791
533
236
658
253
859
794
814
787
822
752
572
123
616
486
936
799
921
421
91
850
634
202
956
387
176
717
40
919
459
989
883
963
934
283
583
419
881
943
681
42
434
26
675
582
802
385
123
511
3
354
299
52
311
631
554
33
572
852
816
817
948
30
998
93
153
290
524
558
254
624
588
180
896
186
203
323
51
284
328
655
25
538
581
789
837
408
91
773
454
130
282
623
15
617
797
105
67
503
476
458
726
439
547
990
350
644
816
527
552
556
418
12
903
112
964
120
736
203
873
362
697
228
362
733
791
274
371
259
303
396
19
323
668
970
58
963
639
451
101
92
909
147
820
297
114
521
261
795
491
571
186
893
593
78
637
838
825
974
323
256
825
965
398
620
757
372
901
896
327
132
135
535
837
567
548
179
645
720
764
49
139
852
616
704
75
11
70
432
713
287
419
611
61
472
585
891
213
481
752
336
827
843
537
140
118
707
981
645
348
330
428
589
556
242
305
298
497
808
738
461
363
587
182
593
640
591
503
706
552
965
927
408
534
979
383
118
346
291
107
323
627
51
649
757
186
177
104
404
642
905
549
514
267
4
880
557
429
598
589
423
434
981
951
595
428
337
79
731
518
868
690
394
879
391
712
259
352
78
953
116
847
673
850
211
924
160
461
12
129
739
566
140
78
635
250
605
626
496
619
654
62
720
614
509
395
401
237
340
644
923
759
358
366
765
85
180
867
58
985
729
110
272
95
566
73
197
437
378
99
814
871
122
237
677
211
841
947
558
763
748
952
262
16
581
681
161
283
241
372
326
544
712
330
337
156
569
455
110
957
992
995
861
120
861
800
950
284
953
372
73
54
487
697
330
103
229
159
984
56
118
291
49
142
198
560
460
839
41
180
810
500
296
774
81
529
137
331
407
247
98
424
39
763
201
354
435
328
707
657
799
615
63
515
589
951
934
565
387
175
970
867
293
183
400
409
583
855
659
714
820
359
926
565
596
406
510
169
397
767
2
125
545
5
416
913
472
991
549
243
626
526
784
938
539
155
699
879
627
133
487
745
361
785
684
327
355
994
570
520
885
432
295
806
548
517
500
81
549
962
662
496
206
856
535
611
745
18
286
140
193
984
361
891
74
639
870
240
482
92
233
364
709
479
908
128
49
340
737
439
576
372
157
800
75
626
946
59
481
858
668
500
172
116
413
717
428
374
272
886
562
767
838
904
59
968
672
208
399
613
329
31
965
873
183
757
653
664
895
477
945
557
458
892
9
388
407
331
66
930
878
797
82
912
495
410
522
143
621
977
184
69
410
316
704
557
87
237
743
149
568
87
20
425
75
775
539
77
883
625
63
743
453
591
148
923
454
724
286
320
575
983
833
23
462
131
510
444
730
187
6
981
834
571
134
576
419
881
56
698
789
243
258
113
992
858
4
98
216
627
59
647
298
167
518
136
314
176
33
226
251
868
310
318
162
854
228
808
799
831
89
31
56
860
668
668
956
729
24
884
377
723
646
768
827
195
650
100
706
671
655
388
398
986
10
433
690
332
400
875
402
52
717
1
146
673
938
765
156
384
906
643
374
400
185
471
550
889
257
333
258
243
387
340
776
675
983
460
151
368
8
135
449
756
766
516
69
198
337
702
941
308
710
275
393
797
922
664
285
557
841
498
830
394
657
583
372
835
176
691
237
656
102
719
591
36
417
51
423
335
603
396
330
232
26
313
998
960
172
319
767
601
460
293
338
134
853
586
695
724
322
569
928
854
728
775
456
958
297
955
562
151
526
516
391
720
40
209
923
291
763
113
341
507
599
34
497
739
156
391
20
460
705
83
915
263
377
298
33
432
211
143
843
467
901
256
921
440
508
750
219
194
139
256
149
150
613
95
729
199
368
723
488
406
201
309
524
942
133
438
85
14
123
348
582
159
276
453
475
133
868
724
522
611
584
265
43
559
419
581
692
364
95
747
182
286
317
705
542
585
89
462
280
298
829
446
391
79
783
632
834
618
114
656
83
552
702
513
217
928
133
82
984
152
212
913
538
377
505
102
788
2
39
422
591
850
772
352
106
175
643
515
929
739
362
198
212
830
666
530
182
31
582
450
703
740
91
355
905
178
587
430
60
254
509
538
942
305
196
406
850
394
570
644
964
53
714
777
535
969
591
689
715
472
660
480
942
471
64
827
910
813
221
317
936
857
646
998
704
772
555
141
61
621
98
917
480
563
724
14
505
829
345
339
182
981
432
169
553
908
583
495
149
207
716
376
725
222
502
349
977
53
603
960
222
860
742
964
424
329
68
856
654
357
468
498
947
732
25
144
260
670
381
209
275
43
715
827
143
179
889
661
366
170
232
76
208
155
194
252
761
940
759
796
866
591
412
236
956
816
977
986
571
602
676
743
51
37
983
41
738
74
211
161
538
647
752
653
585
829
362
728
678
854
257
789
809
653
373
139
856
558
188
706
386
764
922
108
514
569
828
366
330
496
929
53
41
910
69
390
507
447
731
38
555
149
134
848
495
595
836
469
80
288
696
61
941
536
58
67
747
52
341
463
843
264
885
110
440
589
99
132
635
981
455
841
69
4
985
520
776
479
668
756
778
492
271
798
912
417
248
610
819
768
151
272
633
648
85
142
522
735
80
618
413
883
300
188
887
720
655
266
784
51
448
494
418
342
965
610
94
884
777
204
869
860
46
308
487
666
332
490
716
888
974
92
429
885
605
709
838
532
75
202
658
669
350
454
811
24
16
21
541
237
479
605
821
905
589
16
899
323
446
558
873
717
265
816
719
350
278
847
445
476
51
203
812
167
786
855
825
576
98
570
495
856
928
393
840
469
721
967
359
927
567
902
725
313
903
487
391
947
43
670
288
124
304
321
536
157
830
871
977
857
999
933
153
96
262
987
169
891
350
414
745
690
980
310
653
136
274
168
137
520
840
622
788
481
897
505
684
797
191
161
894
623
180
451
95
651
311
873
196
447
223
872
259
191
207
11
773
487
446
756
880
745
242
547
460
398
128
95
914
273
418
969
772
799
213
368
893
899
62
246
126
830
145
338
522
107
910
591
687
513
273
26
498
521
779
304
653
207
402
158
551
302
594
378
536
788
646
351
111
205
887
38
59
275
472
607
810
338
476
919
153
562
108
860
81
854
769
11
586
873
634
362
191
808
275
186
213
98
858
724
521
76
599
901
382
954
303
396
551
640
117
312
519
254
622
694
922
226
103
279
688
895
509
337
958
963
673
44
552
542
286
517
487
622
312
623
275
143
195
804
917
416
829
460
484
490
937
925
690
1
1
208
882
845
391
804
232
242
320
52
500
802
990
571
269
589
608
504
118
287
88
228
264
776
632
200
652
161
978
996
435
969
267
306
172
359
972
729
617
10
925
734
686
637
293
236
846
390
922
164
420
965
585
136
188
874
491
689
332
871
909
568
978
76
506
642
771
946
335
364
12
119
818
110
297
328
248
764
16
485
162
607
297
165
99
659
908
931
457
641
127
360
901
829
771
200
600
922
930
65
812
120
759
573
949
96
425
889
154
526
301
101
36
773
416
108
162
625
678
350
493
646
370
697
167
958
10
751
339
623
317
672
33
642
124
263
353
408
755
346
625
111
731
428
956
290
901
669
601
55
220
289
285
58
287
229
318
551
411
21
470
933
689
515
984
886
33
179
930
794
770
706
166
955
356
28
471
419
700
524
661
225
436
494
500
379
773
784
471
253
177
16
141
40
865
527
806
86
432
627
588
658
435
770
960
132
5
138
399
250
98
669
153
418
600
130
911
988
590
447
606
828
450
74
420
348
650
95
654
345
846
228
859
420
320
696
153
41
946
425
666
580
971
69
18
543
365
633
264
232
14
877
207
311
240
928
960
630
647
432
53
617
863
977
772
84
152
463
998
844
79
743
723
205
610
87
580
267
311
846
309
469
433
854
397
83
33
198
275
752
77
636
687
434
975
672
490
910
221
723
506
609
984
934
726
946
995
695
787
243
2
246
921
694
268
71
821
539
391
376
931
807
543
689
311
49
538
219
672
815
611
513
2
637
257
339
655
517
43
58
498
442
834
686
271
350
203
978
370
516
879
897
338
648
41
194
754
290
436
551
84
577
310
692
730
124
349
650
723
947
357
947
294
765
499
927
677
803
792
277
897
425
173
998
814
229
272
812
756
376
977
960
201
961
891
656
230
889
994
519
596
953
437
478
978
927
832
408
319
208
922
364
182
87
245
363
83
67
543
329
936
39
972
609
788
107
894
721
601
104
722
109
152
633
152
87
475
677
927
84
935
881
802
233
124
921
555
316
259
799
331
719
675
420
515
712
231
76
498
428
183
775
843
809
226
593
425
883
901
122
386
150
507
473
766
218
248
652
683
229
523
443
375
706
472
211
344
63
608
422
179
164
942
991
399
183
822
675
669
661
675
387
439
259
149
406
82
490
542
444
489
641
512
589
895
740
445
111
985
819
42
815
77
469
856
294
123
379
800
773
599
873
683
492
488
199
163
179
897
678
34
828
65
357
621
279
416
955
724
405
48
519
256
441
165
252
610
328
595
184
780
417
740
499
894
912
690
69
720
924
631
136
927
488
806
325
102
191
341
226
345
88
250
297
257
809
887
388
103
616
283
188
527
109
551
520
211
307
745
35
520
261
848
278
361
653
630
421
295
904
675
102
505
117
779
35
662