445
13
91
410
46
4
225
55
102
267
190
426
153
200
494
276
270
331
354
239
279
377
46
298
419
233
153
402
471
404
398
150
222
492
239
393
42
154
207
405
275
347
155
321
117
422
252
268
83
493
145
36
312
447
348
277
380
479
359
219
447
234
239
82
155
445
223
173
201
99
426
378
328
152
46
437
234
135
178
92
164
309
103
198
198
343
282
2
142
406
457
415
298
378
42
112
86
14
19
171
309
456
295
333
437
215
412
298
254
463
392
219
115
91
241
229
153
271
383
95
420
460
73
131
338
416
221
32
90
493
65
172
454
468
170
158
67
235
322
109
227
294
189
192
386
65
309
114
137
157
263
361
315
338
273
16
402
465
475
374
323
426
498
89
276
201
369
88
306
199
111
136
274
77
147
67
280
432
286
387
373
286
220
392
403
39
154
340
349
189
132
146
246
474
89
138
5
351
90
243
463
453
75
239
295
24
136
458
424
112
35
212
349
264
21
367
64
391
134
482
72
276
123
448
35
31
299
277
39
58
473
442
436
221
170
320
395
358
111
335
428
464
246
394
458
244
235
291
123
345
134
231
425
22
440
458
75
457
206
82
354
102
190
498
116
211
268
25
8
290
184
204
154
84
10
188
461
19
406
304
21
60
359
234
268
19
124
51
283
124
281
174
203
215
50
99
262
437
314
16
438
245
100
396
330
241
7
24
373
210
450
414
27
301
397
423
474
86
323
244
442
272
161
158
454
426
37
47
224
190
156
49
383
239
6
225
121
343
188
346
327
381
34
51
177
197
353
424
266
227
227
170
342
8
476
425
103
276
452
203
144
239
487
223
21
146
255
365
146
281
307
371
115
441
113
294
115
466
374
311
355
335
376
242
118
36
397
324
298
85
9
36
258
233
133
453
55
38
139
339
385
498
373
75
21
58
460
25
56
307
361
114
470
389
196
398
23
271
348
117
337
220
146
216
151
106
250
391
274
143
145
403
157
283
295
494
30
401
368
65
88
344
429
224
336
138
377
373
309
72
44
79
405
350
60
104
45
379
38
350
405
83
110
230
365
300
228
256
55
7
188
486
428
23
402
370
360
180
359
194
417
389
227
140
291
6
443
319
200
74
490
17
146
123
204
98
324
188
301
384
273
126
140
319
422
111
74
276
93
393
246
112
57
321
161
498
149
487
300
350
80
112
31
224
126
259
449
68
106
487
214
139
455
159
116
90
131
391
274
73
366
407
302
39
379
275
45
292
433
461
4
458
203
219
175
287
48
461
393
54
39
96
188
451
354
176
74
313
293
134
125
1
222
351
202
114
32
337
460
283
156
329
172
159
461
58
422
409
425
213
11
336
23
338
168
98
307
129
384
264
226
441
496
259
272
436
230
51
476
373
423
261
479
77
477
447
101
309
98
140
383
212
459
403
287
286
384
387
396
70
259
104
459
459
347
202
163
342
330
294
207
368
211
13
254
410
59
396
322
280
46
426
159
96
165
94
97
214
435
340
453
41
166
384
287
382
42
167
369
381
1
328
371
263
207
228
382
227
462
222
358
462
397
215
385
116
327
317
31
466
84
320
40
78
400
498
426
154
113
222
422
256
102
235
158
39
325
394
373
254
316
269
145
482
37
205
150
408
121
369
149
174
278
289
379
420
398
13
304
411
284
80
35
234
408
73
179
101
82
387
361
108
330
427
472
179
129
67
45
25
365
223
385
270
472
43
208
470
485
370
173
131
18
195
73
303
13
273
241
490
458
287
220
414
417
102
331
261
447
339
314
288
4
50
445
173
84
362
108
40
398
230
47
95
255
77
469
221
147
45
383
42
212
123
170
232
494
48
422
241
324
205
133
221
169
416
188
95
373
424
349
422
203
385
6
21
192
5
12
208
309
58
137
33
487
409
371
8
438
429
258
262
312
157
319
261
140
477
414
182
458
116
175
101
341
360
70
359
211
366
481
202
180
180
204
156
2
155
397
465
379
371
3
307
11
62
40
339
456
108
148
332
437
108
427
5
382
315
376
167
347
312
302
485
222
187
57
348
5
352
262
462
183
483
95
289
84
137
403
368
182
250
474
453
129
474
179
397
261
267
298
477
390
311
142
194
280
342
212
178
485
277
346
352
253
178
211
162
48
181
274
120
311
238
286
95
400
282
268
226
64
320
403
247
232
14
46
97
23
395
460
167
437
29
126
173
419
287
212
326
354
330
473
367
31
138
100
300
145
98
391
330
422
402
464
319
372
21
328
230
477
318
391
348
300
310
498
18
74
421