61, 52, 8, 78
64, 68, 40, 10
79, 55, 50, 46
63, 78, 90, 67
84, 16, 57, 70
95, 49, 63, 83
10, 51, 2, 28
37, 79, 63, 55
83, 82, 36, 30
65, 76, 43, 4
86, 43, 14, 36
79, 15, 9, 35
35, 11, 18, 28
88, 68, 83, 60
35, 81, 70, 78
27, 76, 92, 5
10, 41, 2, 53
31, 84, 16, 91
56, 34, 49, 8
48, 67, 19, 36
1, 64, 48, 82
99, 17, 40, 36
7, 74, 91, 77
94, 66, 7, 91
34, 64, 97, 14
93, 41, 51, 34
12, 20, 37, 82
50, 71, 11, 16
17, 55, 46, 89
51, 70, 48, 83
57, 25, 5, 29
84, 72, 17, 71
58, 46, 43, 56
96, 52, 50, 78
73, 63, 96, 97
52, 1, 35, 84
34, 90, 29, 16
14, 54, 89, 27
93, 64, 7, 31
21, 80, 73, 75
50, 18, 66, 69
85, 99, 57, 26
1, 29, 51, 14
77, 73, 93, 89
90, 48, 26, 91
33, 93, 31, 98
29, 33, 90, 32
77, 34, 2, 9
49, 39, 10, 36
75, 80, 47, 74
11, 49, 3, 64
20, 51, 88, 65
49, 93, 37, 45
76, 90, 23, 16
13, 24, 92, 63
19, 74, 35, 69
1, 94, 43, 68
81, 37, 18, 74
73, 33, 49, 68
52, 5, 23, 87
16, 86, 100, 33
65, 75, 32, 77
22, 27, 68, 39
73, 53, 70, 6
47, 38, 94, 83
39, 80, 56, 83
50, 97, 19, 11
38, 90, 72, 100
55, 49, 68, 81
50, 7, 45, 85
42, 24, 25, 40
47, 71, 52, 2
61, 96, 57, 1
13, 25, 56, 19
43, 84, 28, 26
84, 90, 7, 51
45, 1, 39, 48
59, 93, 96, 100
22, 59, 44, 34
27, 32, 87, 18
54, 67, 71, 72
12, 66, 77, 65
79, 16, 57, 67
90, 46, 4, 45
37, 85, 6, 100
70, 26, 16, 25
57, 99, 51, 49
6, 66, 42, 69
13, 42, 5, 18
49, 34, 22, 7
74, 52, 67, 53
36, 9, 40, 91
52, 22, 65, 87
19, 65, 84, 28
47, 80, 89, 73
75, 3, 43, 76
99, 69, 1, 52
20, 61, 80, 69
84, 61, 6, 13
92, 97, 37, 77
43, 84, 95, 24
10, 51, 53, 56
69, 14, 80, 68
9, 7, 82, 4
54, 81, 17, 58
33, 31, 82, 68
11, 91, 21, 95
12, 95, 24, 15
51, 100, 14, 28
56, 22, 40, 76
74, 5, 16, 62
54, 52, 86, 46
69, 63, 27, 19
6, 35, 92, 52
19, 1, 69, 36
41, 80, 10, 42
90, 96, 55, 62
59, 89, 58, 31
1, 31, 61, 13
68, 41, 49, 4
8, 74, 6, 21
36, 98, 41, 2
51, 42, 4, 49
42, 76, 82, 71
52, 10, 78, 57
50, 95, 24, 73
12, 94, 6, 13
73, 44, 48, 6
27, 52, 35, 59
63, 49, 41, 96
26, 8, 50, 3
7, 35, 74, 54
60, 18, 79, 97
20, 95, 78, 82
5, 47, 6, 38
25, 20, 90, 43
14, 46, 33, 44
23, 62, 99, 79
78, 58, 97, 54
16, 65, 100, 44
32, 69, 89, 53
21, 11, 87, 63
23, 5, 66, 77
14, 48, 36, 19
88, 67, 42, 87
99, 65, 97, 58
24, 47, 10, 68
26, 64, 68, 70
10, 96, 39, 80
100, 60, 43, 46
47, 36, 17, 79
43, 58, 61, 96
57, 9, 75, 29
50, 29, 39, 44
45, 68, 76, 8
42, 78, 91, 44
100, 96, 4, 52
12, 7, 34, 2
48, 17, 51, 77
51, 99, 83, 60
31, 92, 84, 71
85, 60, 20, 6
93, 32, 55, 89
28, 38, 41, 4
32, 12, 94, 8
25, 20, 36, 42
6, 44, 62, 23
94, 100, 24, 61
51, 87, 47, 60
31, 84, 23, 55
55, 35, 64, 88
38, 76, 68, 43
11, 68, 55, 100
48, 37, 35, 38
53, 51, 92, 20
51, 60, 49, 46
31, 96, 57, 90
94, 61, 80, 33
83, 49, 27, 81
60, 15, 6, 5
29, 16, 15, 79
31, 82, 34, 9
27, 35, 10, 59
9, 36, 24, 58
67, 3, 35, 76
61, 84, 69, 45
34, 86, 48, 68
26, 93, 2, 62
8, 60, 47, 40
25, 63, 89, 55
14, 42, 79, 65
15, 89, 86, 41
98, 32, 1, 28
55, 64, 59, 91
56, 27, 49, 6
99, 43, 50, 20
39, 76, 74, 5
68, 22, 58, 10
30, 62, 65, 34
42, 45, 97, 17
3, 26, 40, 51
39, 51, 2, 57
83, 39, 9, 51
37, 25, 11, 45
10, 41, 87, 46
77, 10, 94, 83
59, 95, 18, 80
60, 96, 55, 71
90, 29, 35, 31
53, 76, 79, 57
2, 3, 59, 65
25, 7, 6, 90
38, 35, 95, 9
99, 34, 38, 36
95, 50, 6, 23
91, 55, 89, 38
85, 83, 44, 16
96, 73, 87, 11
85, 87, 33, 98
26, 93, 53, 36
23, 84, 89, 2
19, 22, 28, 50
76, 28, 33, 60
19, 66, 41, 82
30, 48, 67, 54
34, 48, 1, 47
79, 51, 42, 98
71, 43, 86, 56
47, 25, 63, 98
90, 64, 38, 70
89, 99, 79, 83
81, 57, 13, 32
24, 45, 78, 58
51, 59, 89, 68
69, 47, 24, 58
54, 50, 9, 13
25, 31, 16, 35
81, 63, 79, 35
4, 81, 62, 13
68, 52, 11, 56
39, 9, 57, 99
9, 66, 42, 92
68, 1, 31, 51
79, 8, 15, 72
69, 100, 14, 99
30, 56, 11, 99
81, 31, 66, 68
7, 52, 46, 86
47, 98, 38, 14
68, 54, 57, 73
28, 86, 40, 73
31, 9, 52, 13
64, 62, 35, 8
68, 42, 60, 97
21, 42, 19, 24
28, 40, 70, 92
71, 56, 78, 28
65, 24, 11, 100
77, 93, 54, 42
13, 88, 45, 24
49, 83, 84, 16
88, 97, 96, 23
8, 62, 24, 25
53, 32, 40, 47
93, 73, 92, 20
59, 90, 88, 32
1, 70, 64, 99
4, 21, 72, 22
30, 93, 6, 44
62, 61, 99, 8
78, 24, 54, 89
8, 30, 34, 19
25, 71, 54, 41
33, 58, 87, 81
61, 1, 73, 21
2, 75, 94, 23
5, 40, 28, 15
55, 3, 40, 80
50, 44, 75, 71
84, 67, 56, 49
73, 35, 37, 74
83, 15, 68, 93
93, 88, 54, 60
95, 82, 72, 71
100, 74, 63, 41
71, 75, 62, 91
9, 99, 64, 39
23, 64, 53, 67
52, 68, 38, 46
88, 7, 48, 5
83, 17, 25, 5
45, 24, 65, 32
53, 51, 4, 81
15, 13, 79, 94
100, 56, 54, 63
83, 56, 67, 87
22, 75, 14, 94
30, 26, 42, 5
86, 14, 35, 84
43, 81, 19, 50
7, 17, 13, 61
76, 19, 47, 5
22, 79, 74, 43
58, 15, 81, 86
91, 83, 12, 87
7, 93, 58, 100
58, 97, 89, 34
59, 62, 70, 34
5, 24, 33, 91
69, 53, 98, 63
14, 82, 7, 48
39, 44, 100, 49
67, 89, 53, 57
78, 6, 7, 58
35, 41, 84, 24
27, 12, 24, 33
7, 77, 9, 42
98, 23, 96, 6
40, 85, 42, 3
35, 7, 77, 88
41, 68, 18, 16
85, 45, 78, 21
34, 71, 33, 81
7, 41, 17, 6
29, 35, 27, 6
53, 88, 84, 90
73, 23, 82, 14
5, 35, 74, 76
87, 58, 50, 56
30, 51, 66, 37
65, 86, 7, 18
62, 64, 22, 42
77, 83, 66, 99
22, 53, 46, 83
70, 15, 48, 42
84, 20, 89, 73
30, 32, 96, 11
43, 18, 44, 37
15, 46, 85, 5
38, 77, 51, 35
86, 56, 8, 27
20, 82, 22, 42
50, 43, 22, 29
34, 95, 80, 21
83, 19, 82, 57
71, 1, 9, 20
71, 33, 72, 82
2, 27, 16, 40
44, 37, 92, 7
66, 8, 36, 9
51, 1, 89, 65
19, 77, 82, 42
19, 46, 91, 26
20, 84, 17, 31
16, 84, 2, 54
53, 71, 50, 74
59, 96, 97, 78
57, 19, 87, 48
88, 29, 96, 21
78, 26, 35, 69
71, 10, 100, 62
8, 53, 63, 59
65, 57, 17, 45
6, 46, 14, 44
46, 7, 13, 31
57, 76, 49, 94
73, 59, 35, 63
23, 78, 5, 71
37, 35, 17, 77
51, 83, 94, 6
48, 90, 26, 47
83, 43, 80, 25
21, 99, 45, 73
1, 31, 10, 36
27, 19, 26, 17
47, 39, 16, 38
42, 90, 85, 16
55, 82, 7, 16
65, 70, 61, 78
16, 54, 53, 24
42, 79, 78, 95
71, 4, 57, 24
30, 29, 26, 50
20, 59, 53, 12
26, 100, 63, 48
59, 27, 5, 96
44, 98, 5, 85
1, 45, 65, 40
76, 18, 40, 71
45, 70, 74, 98
80, 60, 99, 32
28, 39, 20, 43
24, 66, 67, 89
23, 55, 12, 5
70, 51, 14, 4
59, 57, 77, 56
94, 1, 52, 19
81, 58, 19, 18
21, 56, 5, 43
9, 97, 76, 22
4, 75, 14, 3
13, 40, 4, 83
20, 93, 6, 41
68, 65, 83, 19
14, 83, 100, 84
4, 76, 78, 67
70, 76, 41, 54
33, 54, 56, 61
92, 30, 48, 75
81, 61, 27, 17
92, 73, 78, 28
77, 75, 43, 69
93, 42, 57, 92
95, 19, 74, 33
74, 23, 71, 56
61, 41, 24, 64
71, 24, 90, 83
16, 97, 40, 55
19, 83, 13, 25
59, 80, 2, 40
4, 59, 50, 78
75, 14, 95, 70
99, 62, 98, 7
90, 2, 40, 12
47, 53, 51, 17
63, 80, 30, 13
74, 68, 24, 53
85, 5, 91, 75
54, 44, 80, 69
4, 89, 26, 10
63, 71, 50, 21
61, 25, 14, 57
25, 84, 31, 8
69, 90, 24, 11
45, 94, 8, 19
25, 27, 7, 73
4, 88, 28, 90
81, 29, 72, 35
89, 67, 17, 55
69, 60, 42, 56
89, 56, 73, 97
46, 75, 24, 99
54, 53, 92, 16
49, 52, 46, 3
10, 69, 2, 45
59, 74, 77, 72
28, 7, 6, 3
29, 88, 48, 100
26, 88, 82, 11
39, 70, 21, 96
1, 56, 73, 100
42, 91, 66, 31
69, 12, 27, 80
63, 15, 60, 95
45, 61, 64, 50
71, 26, 60, 58
74, 66, 79, 99
84, 23, 93, 76
92, 73, 36, 22
74, 40, 66, 49
84, 74, 3, 26
6, 36, 60, 41
83, 5, 79, 20
95, 45, 38, 62
60, 89, 15, 98
82, 56, 50, 71
79, 100, 73, 53
33, 46, 8, 39
2, 27, 52, 86
78, 50, 3, 24
99, 84, 12, 5
73, 100, 45, 38
82, 15, 67, 71
63, 27, 25, 82
33, 8, 21, 65
26, 30, 87, 77
82, 62, 42, 27
22, 44, 93, 21
45, 37, 93, 5
91, 22, 62, 18
88, 96, 100, 34
60, 53, 59, 31
78, 79, 14, 33
53, 40, 88, 22
91, 77, 43, 64
57, 12, 82, 23
97, 46, 76, 47
74, 62, 60, 54
90, 71, 14, 28
70, 1, 25, 78
3, 47, 77, 74
63, 85, 95, 67
15, 17, 93, 7
55, 34, 43, 6
7, 12, 19, 67
73, 99, 43, 93
71, 26, 36, 33
3, 8, 9, 12
88, 46, 96, 74
30, 33, 26, 9
95, 66, 64, 49
89, 63, 13, 32
22, 43, 96, 6
60, 34, 77, 92
74, 1, 77, 15
75, 45, 26, 40
97, 4, 2, 64
28, 79, 31, 3
18, 2, 14, 65
66, 98, 16, 37
78, 98, 71, 89
64, 99, 27, 95
22, 71, 69, 65
73, 18, 82, 43
79, 29, 50, 1
71, 78, 85, 64
68, 29, 53, 26
3, 19, 53, 42
97, 52, 31, 66
23, 98, 70, 32
9, 24, 74, 45
11, 59, 93, 57
30, 83, 51, 13
52, 88, 44, 6
69, 92, 50, 73
20, 60, 97, 11
13, 69, 48, 88
17, 51, 57, 86
30, 69, 40, 21
57, 48, 33, 100
67, 23, 90, 19
52, 95, 36, 26
75, 65, 32, 92
52, 54, 80, 46
81, 89, 87, 20
26, 50, 94, 32
59, 15, 36, 86
44, 11, 55, 15
74, 39, 100, 85
34, 46, 17, 44
29, 18, 26, 76
96, 78, 84, 48
84, 29, 20, 81
58, 87, 32, 75
40, 9, 100, 41
39, 97, 24, 48
76, 86, 50, 74
100, 20, 48, 28
43, 57, 100, 33
59, 10, 37, 67
79, 4, 7, 22
72, 34, 58, 15
77, 83, 40, 79
40, 27, 90, 95
64, 40, 61, 55
41, 75, 63, 20
54, 100, 10, 48
5, 56, 75, 68
95, 8, 57, 30
92, 37, 8, 47
50, 45, 6, 21
56, 81, 29, 63
1, 19, 39, 68
6, 11, 88, 5
7, 41, 56, 4
61, 72, 47, 34
56, 49, 23, 44
54, 6, 63, 89
79, 3, 60, 82
14, 93, 68, 59
78, 80, 49, 91
33, 4, 85, 37
8, 25, 73, 40
49, 77, 3, 98
5, 3, 80, 88
41, 77, 58, 62
87, 29, 12, 99
24, 78, 41, 68
44, 9, 78, 52
38, 18, 52, 97
88, 44, 86, 94
8, 93, 9, 6
64, 84, 38, 41
61, 87, 86, 2
30, 21, 36, 58
53, 61, 100, 64
87, 63, 6, 55
77, 51, 100, 16
53, 4, 28, 20
44, 67, 57, 7
36, 32, 55, 28
5, 12, 41, 26
53, 85, 13, 83
26, 3, 47, 69
57, 52, 55, 15
41, 65, 60, 33
41, 54, 4, 88
86, 14, 70, 81
11, 63, 45, 53
71, 52, 78, 77
25, 78, 69, 97
12, 2, 44, 28
83, 9, 58, 72
93, 29, 66, 62
78, 87, 85, 33
88, 49, 30, 40
26, 32, 68, 43
23, 13, 47, 59
99, 81, 27, 14
38, 80, 7, 69
37, 38, 77, 1
32, 96, 50, 91
86, 83, 7, 22
31, 23, 86, 75
56, 80, 82, 81
80, 4, 45, 63
54, 42, 38, 19
75, 82, 71, 77
30, 38, 15, 64
46, 86, 29, 48
12, 1, 77, 9
61, 69, 40, 67
33, 94, 16, 87
31, 81, 57, 64
39, 100, 17, 41
26, 10, 93, 55
27, 84, 82, 5
86, 11, 38, 44
54, 18, 3, 87
94, 12, 79, 64
44, 92, 95, 36
43, 75, 96, 47
74, 92, 20, 37
44, 15, 76, 96
78, 47, 67, 40
25, 19, 39, 79
63, 31, 5, 61
93, 96, 99, 10
72, 50, 47, 37
59, 4, 84, 63
6, 9, 52, 100
10, 73, 43, 6
21, 40, 2, 82
45, 78, 22, 59
89, 17, 56, 53
82, 27, 58, 5
71, 20, 96, 37
95, 1, 43, 19
47, 69, 65, 15
74, 3, 88, 42
1, 62, 27, 40
36, 97, 50, 53
34, 39, 70, 94
31, 79, 39, 73
11, 96, 58, 59
8, 63, 15, 20
26, 72, 71, 1
15, 88, 46, 74
11, 47, 29, 7
16, 18, 66, 81
71, 8, 75, 73
85, 70, 18, 87
10, 64, 39, 66
82, 58, 72, 61
74, 89, 19, 35
54, 31, 80, 57
84, 71, 32, 75
89, 56, 13, 32
61, 42, 54, 79
48, 57, 49, 20
24, 26, 29, 96
67, 44, 9, 62
38, 95, 91, 28
15, 76, 24, 2
85, 22, 57, 21
37, 70, 41, 55
33, 32, 97, 93
60, 24, 43, 5
5, 3, 43, 69
5, 38, 4, 23
91, 99, 4, 88
38, 2, 31, 83
28, 96, 14, 13
86, 33, 90, 44
99, 92, 22, 51
15, 29, 63, 6
21, 44, 18, 97
51, 23, 30, 13
81, 66, 8, 30
27, 50, 80, 81
78, 48, 6, 69
17, 1, 37, 3
41, 98, 46, 27
28, 48, 53, 72
7, 93, 65, 59
33, 82, 86, 29
22, 15, 97, 99
72, 75, 54, 10
10, 94, 27, 70
65, 21, 1, 24
34, 27, 30, 95
81, 30, 41, 16
42, 32, 76, 30
27, 54, 21, 47
49, 36, 81, 68
14, 42, 90, 70
51, 8, 88, 47
64, 26, 82, 52
26, 29, 9, 50
82, 59, 47, 44
51, 55, 81, 7
47, 92, 57, 77
50, 28, 48, 11
94, 82, 34, 61
9, 48, 92, 61
86, 22, 50, 100
42, 21, 64, 68
25, 83, 48, 6
27, 23, 6, 70
11, 32, 21, 43
28, 11, 42, 27
37, 49, 75, 26
89, 82, 77, 45
96, 48, 5, 19
58, 20, 47, 2
80, 97, 7, 93
17, 42, 65, 91
21, 58, 57, 22
91, 26, 60, 70
70, 84, 88, 60
46, 78, 2, 88
67, 26, 93, 85
2, 88, 20, 100
83, 71, 85, 93
53, 84, 3, 9
27, 62, 89, 50
3, 74, 23, 81
71, 77, 53, 10
12, 91, 17, 41
22, 51, 66, 37
13, 1, 15, 74
9, 84, 29, 57
57, 36, 96, 40
8, 50, 96, 91
21, 33, 27, 70
100, 21, 51, 13
44, 51, 66, 86
42, 2, 71, 18
86, 51, 61, 93
51, 34, 20, 53
78, 41, 50, 53
11, 25, 37, 53
94, 84, 82, 12
66, 25, 86, 46
21, 39, 18, 11
72, 16, 49, 11
73, 39, 69, 9
87, 49, 9, 89
14, 38, 98, 43
86, 54, 12, 77
32, 67, 93, 5
83, 8, 3, 33
6, 91, 46, 44
80, 85, 50, 66
9, 63, 81, 65
21, 97, 40, 43
71, 89, 69, 36
63, 34, 2, 61
37, 72, 11, 89
63, 11, 72, 52
83, 27, 94, 93
35, 21, 41, 23
17, 64, 10, 16
65, 24, 49, 74
42, 99, 93, 4
24, 75, 49, 33
34, 7, 82, 2
24, 91, 56, 54
2, 4, 44, 94
28, 74, 9, 52
8, 21, 61, 90
47, 2, 43, 57
52, 84, 46, 8
26, 72, 21, 24
71, 38, 92, 47
72, 11, 34, 43
66, 41, 50, 100
81, 74, 99, 8
12, 81, 72, 82
55, 8, 88, 33
67, 93, 24, 18
25, 39, 29, 61
45, 50, 54, 21
97, 7, 78, 73
54, 21, 49, 16
15, 48, 96, 63
44, 55, 3, 8
43, 49, 98, 90
19, 76, 49, 43
47, 73, 79, 74
33, 47, 63, 12
100, 27, 23, 5
84, 48, 55, 62
59, 85, 77, 58
27, 67, 38, 62
23, 41, 22, 79
66, 21, 69, 94
43, 71, 67, 74
81, 75, 19, 20
100, 49, 92, 5
97, 90, 14, 71
31, 93, 41, 2
40, 42, 53, 51
84, 4, 26, 54
45, 15, 47, 26
17, 16, 32, 76
69, 36, 28, 2
12, 60, 87, 85
60, 13, 84, 45
22, 95, 89, 68
91, 61, 15, 69
37, 9, 34, 86
13, 41, 54, 95
68, 8, 88, 10
89, 90, 29, 35
23, 92, 37, 54
33, 58, 94, 22
24, 70, 60, 69
99, 50, 79, 48
22, 48, 69, 66
86, 82, 15, 71
81, 31, 52, 54
32, 96, 56, 43
65, 46, 79, 31
12, 98, 40, 50
58, 96, 40, 62
38, 18, 22, 52
10, 20, 47, 25
38, 69, 93, 96
96, 32, 47, 23
87, 86, 55, 18
44, 67, 20, 6
40, 91, 23, 39
4, 81, 16, 18
36, 89, 60, 9
8, 32, 3, 51
2, 4, 52, 75
83, 48, 63, 9
57, 74, 38, 44
91, 67, 40, 89
68, 64, 14, 52
4, 39, 22, 32
2, 57, 38, 8
81, 87, 83, 19
1, 26, 32, 73
75, 48, 72, 8
2, 18, 58, 3
80, 55, 33, 68
31, 91, 5, 78
50, 2, 88, 73
39, 76, 69, 26
51, 41, 73, 71
9, 20, 55, 93
34, 86, 92, 6
10, 46, 3, 78
59, 55, 84, 22
11, 94, 77, 1
11, 16, 96, 52
28, 44, 43, 27
81, 24, 1, 42
35, 87, 89, 53
16, 48, 59, 4
1, 81, 94, 79
11, 62, 8, 78
86, 2, 52, 71
79, 97, 51, 23
3, 44, 97, 6
57, 49, 28, 13
46, 48, 53, 80
56, 19, 9, 2
8, 73, 36, 99
27, 47, 32, 72
24, 40, 4, 69
95, 44, 89, 94
68, 47, 33, 93
79, 11, 19, 64
67, 52, 84, 28
37, 64, 38, 80
25, 14, 59, 35
61, 33, 23, 36
7, 51, 100, 41
11, 77, 92, 57
13, 94, 24, 49
9, 62, 87, 69
38, 45, 30, 81
33, 76, 16, 83
97, 11, 37, 2
19, 100, 34, 41
67, 14, 89, 34
41, 36, 87, 76
59, 38, 98, 7
27, 91, 98, 71
38, 69, 67, 12
19, 70, 24, 4
74, 91, 46, 61
66, 45, 90, 11
98, 91, 74, 97
95, 23, 30, 11
60, 31, 47, 95
14, 63, 72, 39
46, 42, 9, 80
63, 94, 7, 77
78, 34, 68, 98
28, 14, 47, 66
49, 53, 39, 42
98, 36, 9, 83
65, 73, 24, 59
58, 41, 34, 42
50, 52, 90, 29
14, 53, 36, 62
39, 1, 54, 31
25, 3, 19, 14
43, 36, 51, 80
32, 65, 73, 82
10, 13, 1, 78
99, 33, 73, 15
70, 13, 44, 17
99, 68, 5, 16
99, 7, 24, 6
1, 51, 58, 27
79, 86, 94, 34
89, 56, 80, 10
11, 47, 91, 3
60, 74, 75, 77
36, 96, 33, 52
25, 45, 64, 93
74, 47, 59, 87
11, 48, 23, 13
66, 24, 27, 69
45, 12, 49, 79
71, 72, 37, 18
32, 16, 52, 91
8, 9, 61, 40
32, 99, 44, 71
52, 34, 14, 11
76, 46, 30, 3
62, 2, 66, 7
96, 51, 100, 32
13, 41, 52, 88
6, 4, 23, 55
45, 19, 74, 61
61, 52, 26, 39
45, 14, 2, 58
51, 86, 74, 22
8, 65, 47, 77
14, 96, 93, 7
55, 62, 17, 19
70, 62, 17, 21
66, 60, 51, 61
75, 22, 41, 60
70, 71, 72, 80
74, 96, 57, 27
41, 35, 16, 37
34, 31, 61, 35
13, 14, 42, 99
48, 28, 13, 25
24, 22, 49, 14
77, 31, 27, 86
19, 68, 7, 49
83, 32, 86, 75
66, 21, 20, 33
3, 98, 26, 32
99, 58, 61, 51
24, 36, 64, 98
24, 43, 49, 8
47, 75, 21, 2
63, 6, 21, 100
15, 38, 30, 48
95, 81, 62, 20
58, 30, 18, 43
32, 85, 62, 88
31, 67, 76, 86
6, 94, 37, 33
39, 34, 12, 32
59, 66, 16, 75
61, 23, 17, 87
90, 81, 10, 36
45, 51, 95, 60
95, 14, 27, 19
34, 27, 48, 14
24, 61, 37, 84
87, 88, 95, 68
12, 35, 16, 76
50, 65, 25, 44
80, 63, 44, 35
89, 74, 64, 71
67, 26, 77, 41
54, 39, 27, 81
28, 56, 97, 89
90, 45, 20, 93