292
215
185
246
229
457
384
473
93
483
223
154
334
11
58
475
281
426
406
273
377
266
298
218
265
170
362
342
167
40
468
86
3
223
116
258
162
408
157
13
180
476
491
130
472
100
441
247
5
283
381
129
56
251
245
383
423
136
93
48
7
82
268
300
206
15
409
83
174
23
140
465
314
10
296
402
477
79
66
58
246
280
97
307
75
59
203
489
414
382
103
243
265
276
489
170
153
377
460
1
146
219
185
101
304
302
451
255
235
372
399
122
34
44
105
30
25
482
35
252
82
283
369
159
484
49
496
293
356
372
77
18
30
102
172
205
130
204
177
386
451
365
358
89
7
337
274
45
108
159
408
9
302
248
142
414
430
434
148
100
100
229
428
196
341
456
360
216
47
290
99
485
21
94
57
361
430
251
319
326
307
6
461
167
84
378
320
267
165
207
96
268
272
88
98
287
326
400
431
122
467
255
79
382
144
206
453
10
374
200
492
401
46
165
331
69
437
462
139
448
336
201
191
205
413
179
236
279
242
56
180
67
172
341
357
162
170
171
229
406
342
368
341
209
441
226
77
371
279
277
469
356
77
345
157
335
89
289
392
470
204
453
159
5
1
390
127
89
200
157
127
206
205
131
130
187
305
131
116
354
203
166
215
1
350
499
110
380
293
240
90
155
170
234
7
90
321
392
477
190
258
157
154
123
492
250
406
173
217
123
193
257
278
142
202
57
50
363
236
176
428
304
282
400
113
197
99
316
249
121
11
434
82
421
160
347
313
99
276
317
336
51
278
463
164
324
391
377
374
311
21
282
142
295
223
311
80
64
35
386
292
399
205
106
383
422
337
63
45
35
351
97
476
202
220
61
5
428
20
378
445
338
249
446
357
103
338
321
77
181
126
355
464
497
153
348
238
40
16
44
305
23
494
428
334
189
285
288
403
97
380
421
121
282
88
78
113
245
392
312
312
209
374
285
433
428
201
196
7
175
399
360
11
342
406
276
497
352
499
410
16
22
268
158
242
2
407
288
462
96
265
153
496
286
391
342
369
318
490
253
103
178
123
271
91
60
99
62
463
281
243
200
437
340
459
199
392
423
177
91
218
68
1
172
101
144
77
192
223
207
123
394
249
402
262
463
97
179
188
184
320
388
300
135
458
448
483
442
384
109
145
239
110
339
405
88
219
353
58
472
320
33
171
359
176
355
402
34
393
82
412
394
15
334
345
283
344
167
497
306
425
81
340
182
434
182
59
168
311
403
40
198
190
266
451
492
148
114
450
422
277
461
427
294
200
454
232
116
92
128
35
86
411
184
277
439
348
400
416
111
116
227
295
398
368
431
73
492
441
156
128
231
25
125
462
450
500
127
380
301
383
316
366
233
361
397
167
130
345
401
359
425
154
89
479
181
82
124
357
268
67
304
487
354
198
69
221
55
36
17
354
124
212
478
488
490
204
457
426
51
412
497
29
104
114
259
83
196
227
32
390
269
15
337
282
340
336
468
66
203
239
137
261
489
195
75
454
445
86
277
392
368
77
119
426
329
231
75
120
357
93
331
158
260
469
322
346
272
330
417
399
154
200
478
269
472
422
478
2
100
107
361
381
160
162
65
304
480
264
367
474
198
211
473
386
165
404
238
322
400
35
319
251
497
99
435
335
391
141
146
500
364
303
445
165
131
264
117
63
495
10
50
161
486
357
398
267
355
486
185
363
155
376
122
208
486
273
124
458
285
473
46
499
133
384
179
44
32
440
60
474
364
29
191
396
52
235
83
492
145
112
50
113
226
496
297
442
137
293
336
333
146
119
195
50
484
355
255
124
70
221
265
389
353
127
367
328
478
378
316
97
99
317
233
434
75
238
154
399
353
16
18
26
32
108
451
65
280
331
174
379
216
403
478
310
493
420
358
268
406
425
148
112
363
177
166
236
436
122
379
264
397
441
261
414
378
2
90
189
145
335
194
6
391
228
430
400
156
47
94
201
85
379
323
360
375
443
487
46
349
132
41
338
448
148
80
224
7
29
439
468
107
419
304
333
324
332
341
5
379
359
363
6
63
392
247
111
385
417
468
316
72
476
106
125
309
374
428
199
342
379
98
264
66
398
481
21
430
407
48
122
251
480
378
468
380
191
238
479
288
406
248
158
85
257
488
263
358
97
325
401
95
379
99
68
133
154
454
454
115
367
13
271
179
415
271
477
470
402
361
103
308
388
366
2
249
112
449
7
141
442
212
460
159
332
417
139
151
207
110
461
253
51
351
325
167
381
403
78
305
24
251
225
363
138
427
153
418
267
104
361
13
492
243
299
198
180
80
226
357
362
476
294
288
331
473
296
83
185
499
318
211
307
354
321
239
124
66
5
28
495
17
268
400
90
195
241
61
390
468
347
491
373
204
125
140
422
447
303
68
126
8
278
265
207
60
71
485
344
278
456
254
484
362
411
370
222
135
80
49
358
307
246
211
100
184
304
481
365
282
163
53
149
405
165
397
389
125
177
492
208
120
181
193
385
113
492
397
102
3
24
370
117
397
122
486
452
238
186
98
95
138
286
162
302
188
161
38
395
129
335
7
326
326
472
161
72
30
249
241
194
104
250
230
485
378
36
379
279
430
16
411
201
349
369
157
406
263
188
450
447
479
226
187
44
428
175
392
244
291
398
500
329
409
39
171
472
57
197
104
111
429
86
303
165
100
458
239
324
217
477
117
460
405
477
5
287
313
130
110
247
228
396
65
97
107
292
115
228
9
187
334
102
32
318
290
494
296
121
500
121
354
110
238
70
392
284
194
236
437
418
432
386
165
342
139
308
419
187
301
115
179
499
460
252
262
61
78
112
35
55
307
103
281
447
146
226
300
70
96
457
294
305
463
41
243
9
9
230
259
240
161
305
416
279
222
137
436
95
233
36
14
176
352
353
378
304
417
120
274
25
369
146
165
125
200
47
474
263
200
142
262
224
186
62
220
441
406
389
205
290
123
171
450
109
397
389
134
328
479
233
15
288
20
282
443
194
195
334
90
479
71
476
59
63
169
17
442
64
239
224
142
38
243
42
147
42
342
218
262
191
311
100
243
299
423
338
480
350
251
59
289
369
47
316
177
84
289
121
496
55
163
40
153
201
453
262
331
236
103
283
228
162
200
298
466
291
4
116
379
389
344
348
433
314
66
396
483
31
25
39
471
330
11
305
6
376
237
100
233
178
500
242
24
427
430
303
9
206
429
78
206
66
204
367
20
345
452
249
409
340
120
125
10
255
25
179
389
32
153
422
22
396
108
303
145
136
241
303
391
315
434
474
452
112
89
478
187
168
111
256
61
468
141
353
388
476
95
121
61
141
456
472
103
300
263
221
130
487
270
251
21
437
209
58
409
428
249
125
104
160
47
422
268
134
59
224
455
344
78
498
345
490
305
126
263
152
333
85
133
425
419
416
161
24
174
374
342
397
410
424
303
454
30
301
59
444
192
315
246
473
499
257
91
152
181
29
462
260
97
25
258
341
491
297
421
414
149
60
154
318
154
110
292
65
450
184
465
183
295
158
38
499
294
344
77
315
274
273
358
330
285
245
118
75
164
67
73
344
109
295
9
157
475
88
44
347
487
163
323
273
342
489
134
304
264
300
280
445
266
485
28
491
365
79
225
254
91
121
221
459
276
439
137
261
353
333
455
300
124
46
108
83
442
284
107
13
176
223
140
79
143
8
383
409
326
367
418
252
424
115
93
312
391
409
134
329
459
279
402
392
191
475
397
6
22
135
383
262
74
431
79
124
484
422
155
157
483
252
174
329
295
91
144
185
448
299
275
405
34
492
391
2
466
81
390
327
484
64
312
349
416
421
20
279
167
269
77
63
213
128
255
405
301
314
167
351
456
337
424
289
326
124
254
461
446
96
428
106
286
336
441
137
162
59
58
372
393
468
466
249
294
338
238
13
298
7
302
151
92
273
93
301
223
174
481
387
460
139
355
455
437
5
85
230
276
90
300
332
300
191
114
38
425
485
450
72
77
414
7
470
170
456
220
378
223
414
464
82
237
448
265
420
184
172
344
162
133
310
229
380
286
480
5
468
16
444
433
357
463
224
99
475
414
282
67
41
130
278
375
445
312
485
361
131
127
137
235
330
22
287
478
82
478
460
446
130
492
338
324
80
446
441
87
342
254
457
244
464
236
474
363
98
267
386
203
233
166
324
71
226
283
163
467
238
480
484
171
203
191
34
429
45
266
21
394
146
200
142
432
249
217
125
324
212
375
341
261
189
12
177
72
494
84
235
158
59
399
160
181
27
375
496
352
464
287
319
84
146
207
333
43
88
483
452
29
437
364
347
204
407
145
366
49
140
7
69
296
248
182
379
180
404
299
146
391
81
199
85
29
107
47
234
63
192
51
44
435
423
188
414
18
428
12
86
452
65
483
208
154
236
369
231
264
98
364
125
432
177
492
375
38
475
385
151
365
76
345
313
319
41
25
48
196
233
311
419
102
155
393
328
234
24
194
454
368
378
476
352
72
6
399
321
180
445
238
159
462
89
409
308
235
249
277
404
482
259
198
315
113
115
425
256
341
355
21
263
295
296
428
10
349
107
145
460
389
349
116
49
87
153
154
318
361
37
139
326
399
220
240
441
11
147
287
411
175
291
409
134
63
249
356
151
27
462
331
153
440
418
492
390
452
406
350
480
476
337
159
240
233
194
368
333
320
282
220
139
208
94
351
302
36
182
153
316
435
210
162
134
356
246
12
53
142
28
13
313
101
146
284
7
351
457
226
129
391
124
376
236
203
338
393
490
474
327
289
408
65
187
67
298
339
448
380
213
386
154
295
224
396
99
179
111
169
20
146
77
9
64
207
434
430
39
140
218
12
319
452
490
142
37
499
402
313
163
303
476
353
429
226
75
406
59
220
449
2
11
132
181
111
370
55
295
185
458
263
7
217
37
140
236
135
471
468
145
255
383
360
428
291
489
115
104
96
452
15
494
423
29
383
66
491
320
137
103
280
168
242
328
21
451
481
132
124
341
145
170
45
26
207
194
27
175
381
378
36
181
180
253
117
358
395
330
333
152
400
98
89
376
237
459
241
319
484
123
150
172
331
349
225
40
467
39
151
157
375
304
365
24
390
189
256
494
192
260
170
472
151
290
80
158
497
226
330
19
148
492
306
467
92
283
88
26
287
497
137
22
458
419
114
217
205
83
110
428
301
38
97
359
7
215
56
161
435
179
63
457
179
80
395
324
258
186
345
48
375
122
50
93
278
186
206
178
495
396
491
457
308
25
18
340
365
332
466
62
322
284
136
121
264
459
449
254
204
217
237
313
327
12
247
475
447
18
11
425
447
140
237
489
158
20
50
343
70
83
187
175
433
204
461
89
410
92
92
16
452
305
47
485
125
237
71
353
97
288
225
470
315
481
341
70
121
346
227
384
154
343
218
368
114
156
208
415
35
9
117
153
424
27
181
442
166
466
208
495
134
12
74
35
59
34
89
287
315
346
405
478
106
482
57
363
65
363
497
118
96
445
347
375
329
266
227
354
417
192
197
375
27
163
458
387
426
499
476
476
339
328
70
415
88
360
435
329
66
20
260
434
309
431
115
330
135
64
175
111
210
179
29
395
237
401
385
212
154
488
152
219
383
13
253
126
495
150
415
192
90
160
499
16
7
75
341
305
195
429
389
113
35
493
136
57
306
351
459
286
42
449
129
318
136
147
478
432
311
16
388
229
442
395
327
479
166
356
422
70
253
271
188
446
206
460
33
146
125
134
24
106
121
374
317
260
427
349
167
416
232
123
93
414
327
8
399
346
315
400
243
298
5
145
325
416
403
216
157
364
150
194
379
300
32
77
24
453
17
349
223
38
483
443
336
29
406
171
435
10
449
230
321
47
437
365
100
65
324
193
235
442
254
313
85
164
80
37
333
364
86
403
22
114
346
400
3
240
112
438
449
263
321
411
180
450
242
229
423
269
412
138
214
200
199
278
129
472
206
198
418
198
390
466
72
403
238
182
350
349
202
394
370
67
482
326
342
428
390
40
464
441
155
382
404
369
322
110
291
58
171
5
369
188
145
334
343
50
468
102
431
317
370
371
252
160
479
155
20
270
53
97
257
235
94
261
279
86
307
217
426
299
340
272
116
32
168
442
191
157
367
369
83
134
167
157
107
251
110
152
61
103
450
20
51
149
91
95
294
393
94
247
209
103
136
329
386
492
423
388
477
102
156
436
220
288
107
411
153
176
130
305
54
128
173
135
49
114
318
315
358
43
316
37
16
284
307
184
479
220
41
169
421
26
360
448
201
270
159
489
323
211
346
469
436
329
134
215
347
178
167
331
182
234
24
427
434
12
351
428
217
355
196
44
17
479
228
212
361
365
58
384
239
378
477
162
173
101
146
500
64
337
100
141
229
310
259
444
240
324
353
294
91
413
481
256
216
484
164
475
299
172
229
6
346
152
452
282
208
392
200
353
250
6
261
27
57
387
358
222
47
16
144
419
448
286
118
484
378
484
445
263
86
240
37
293
199
478
94
422
127
383
473
34
442
338
174
349
115
344
89
185
150
375
365
324
352
464
249
225
94
355
74
286
231
358
339
44
350
332
186
392
41
111
327
69
493
110
9
306
292
387
178
391
116
207
425
54
133
120
461
430
172
234
29
456
398
158
431
170
321
49
481
278
393
38
154
102
218
352
402
363
491
104
235
94
342
51
150
39
280
56
202
392
60
72
77
319
457
352
277
265
264
398
459
487
234
131
137
377
46
67
45
51
111
428
470
378
161
138
352
245
158
81
461
404
428
13
278
500
68
419
391
199
59
257
134
74
446
85
358
155
187
238
385
91
307
430
150
383
236
219
268
181
281
402
345
6
23
260
476
148
18
46
200
381
442
297
265
32
100
193
449
157
374
249
275
278
426
8
14
350
401
156
491
301
98
271
97
201
179
275
333
317
164
300
266
193
154
224
120
127
197
484
28
370
313
402
375
179
7
328
236
383
180
193
36
196
185
39
2
338
120
357
224
193
304
23
165
464
188
261
234
235
281
357
100
179
428
70
294
231
243
303
273
325
434
58
50
220
173
279
421
57
468
69
343
350
149
65
86
170
498
397
47
457
492
462
427
256
242
404
152
28
395
305
13
291
477
494
487
181
164
437
12
429
260
426
296
213
379
357
92
238
188
285
351
448
481
2
83
462
150
212
28
84
3
26
412
96
10
491
372
410
92
461
327
357
446
496
120
345
485
49
322
424
118
105
433
479
373
362
492
275
39
326
218
220
343
494
411
167
265
372
7
46
267
487
339
132
416
210
183
38
267
316
396
361
7
253
169
458
446
319
361
334
51
129
343
397
283
470
222
190
371
422
203
274
111
245
28
79
38
300
28
419
305
185
258
162
482
193
34
86
233
451
11
259
103
7
89
133
306
146
323
3
434
361
129
375
324
177
424
348
411
203
199
294
75
294
278
366
318
42
410
440
269
288
465
390
297
30
201
95
322
284
256
446
204
145
11
436
279
237
399
158
196
238
398
13
349
398
285
465
144
52
375
115
242
122
42
440
455
254
252
2
363
67
69
409
107
150
276
405
375
256
4
458
352
276
494
246
283
191
44
42
318
219
172
24
98
225
440
166
163
392
67
145
296
432
295
329
228
87
423
156
401
71
452
45
366
42
279
430
370
220
408
228
104
65
98
9
464
149
199
445
124
438
140
224
191
66
206
455
202
500
410
146
59
377
400
128
13
43
223
85
447
320
68
99
139
293
153
174
421
122
321
497
121
346
172
141
374
376
175
321
376
212
58
497
467
205
283
250
240
118
148
417
423
361
56
281
491
441
164
183
101
201
342
110
350
491
394
223
411
314
308
237
482
345
30
445
177
56
356
360
266
447
265
230
81
388
55
97
78
381
67
385
491
46
215
439
472
90
322
278
455
434
44
37
408
211
342
489
223
113
26
306
420
151
470
139
244
431
61
498
465
483
371
209
487
153
165
219
22
338
54
310
140
113
238
450
220
453
172
425
207
136
238
360
330
37
426
423
308
497
476
372
19
307
272
224
205
476
250
335
381
145
126
423
427
369
85
211
440
140
297
212
193
14
205
165
201
347
4
394
139
223
419
147
77
369
193
459
244
344
369
491
277
380
354
259
303
169
142
4
408
139
352
252
177
62
149
120
358
445
201
147
42
181
481
353
34
329
375
408
254
141
37
71
93
496
452
176
98
106
281
235
183
101
152
12
71
258
344
188
276
50
103
362
53
185
56
447
106
323
68
175
354
178
416
76
15
272
9
157
375
52
68
238
113
142
52
272
294
411
279
427
151
21
299
346
320
246
478
412
199
240
407
98
418
1
476
130
220
24
319
463
275
282
391
467
88
314
209
59
65
451
149
117
86
353
119
497
55
466
177
51
273
141
147
422
363
492
451
365
204
355
248
352
302
225
164
393
292
448
387
475
75
442
298
470
324
463
468
16
404
426
448
482
191
396
4
151
144
40
279
68
283
450
77
43
321
426
45
382
150
197
379
342
437
156
330
59
334
222
34
111
460
8
261
12
167
127
213
97
288
237
226
166
79
493
496
304
258
418
315
311
142
66
450
403
245
125
444
256
74
389
95
469
122
133
166
12
227
223
494
348
113
250
177
61
392
391
412
278
264
283
39
80
154
303
207
149
443
183
460
217
253
158
200
333
445
318
493
2
419
205
428
71
61
63
296
318
284
388
132
7
191
68
368
178
192
268
91
286
458
243
449
113
20
442
176
155
337
436
432
54
215
368
141
8
185
468
69
83
305
4
412
457
73
434
401
296
379
479
179
74
100
192
499
38
54
492
322
351
187
272
490
26
122
356
120
500
360
463
58
223
152
13
36
40
107
20
172
44
95
212
142
496
13
89
181
70
88
312
233
389
149
436
472
490
5
350
362
301
144
255
258
415
497
67
163
258
265
51
416
377
360
479
220
378
48
146
499
92
20
206
341
128
490
158
154
37
324
269
100
274
454
164
491
308
496
126
20
161
383
115
478
100
67
62
221
299
215
14
400
447
44
41
481
363
431
197
104
305
495
428
462
232
284
10
139
492
408
337
442
270
324
277
138
421
386
89
352
491
78
409
216
148
10
138
360
371
483
37
22
32
217
120
106
167
160
48
122
460
500
113
34
7
230
75
467
341
258
487
88
213
264
497
334
138
215
157
253
175
370
299
24
293
191
160
211
278
311
470
381
499
307
67
348
270
178
116
437
250
229
204
329
116
278
228
375
385
193
252
164
209
210
96
438
338
474
415
281
180
132
212
273
320
391
406
433
464
372
67
395
23
228
362
82
373
159
424
182
341
325
263
455
349
422
154
96
195
147
450
233
421
15
449
331
261
52
204
189
359
498
4
26
308
343
404
222
425
439
10
297
441
414
266
17
309
245
455
33
161
5
436
311
424
351
204
488
225
460
28
28
494
457
456
175
327
374
69
458
178
96
300
191
405
47
406
203
42
274
270
316
448
286
446
367
444
198
189
307
443
403
265
268
200
359
310
116
474
361
48
194
62
453
430
397
311
384
389
401
471
492
16
434
257
17
433
136
236
392
31
357
2
257
14
236
105
166
449
12
343
148
303
55
356
465
203
69
51
309
464
213
497
385
453
223
456
3
315
312
186
218
116
487
446
121
228
101
414
421
318
462
26
103
76
195
428
29
135
289
179
385
365
108
387
420
80
466
290
121
144
467
496
140
384
338
440
27
320
322
387
387
75
220
269
257
432
288
363
82
101
345
447
330
477
499
339
49
499
82
363
464
402
422
328
402
393
108
83
349
433
316
5
101
243
233
25
420
346
408
202
240
443
299
158
495
321
355
26
404
282
257
475
274
395
62
160
331
129
427
20
249
369
259
84
212
293
366
468
125
37
355
170
246
238
250
241
499
327
342
413
145
284
434
197
440
286
285
212
189
467
81
493
369
271
390
314
121
94
416
389
225
275
197
60
105
132
347
418
180
119
291
84
475
64
216
28
249
49
136
473
63
358
38
195
1
191
88
313
38
14
255
187
353
60
405
99
151
131
375
202
357
495
127
35
21
105
93
458
2
397
104
274
437
94
335
60
441
222
88
128
16
292
307
454
62
115
223
32
138
139
223
147
339
242
443
45
272
150
446
3
268
353
349
374
409
301
486
12
164
248
396
313
459
390
369
489
13
316
289
359
182
52
497
86
441
179
352
159
194
452
472
488
471
178
314
299
57
443
219
88
72
117
208
52
489
441
233
240
285
78
145
30
185
77
57
164
265
361
153
63
102
167
66
489
1
152
221
52
219
75
72
279
179
496
427
386
153
176
347
201
476
109
151
335
62
78
197
464
256
251
46
16
76
420
420
376
401
490
177
1
116
148
285
410
198
143
67
387
303
92
165
111
464
495
60
229
288
366
366
419
68
261
392
400
309
307
173
438
357
112
130
157
399
358
268
279
55
317
14
425
292
58
218
75
256
277
165
171
35
388
277
288
331
142
399
158
490
371
459
307
250
281
321
200
410
274
194
433
479
212
245
316
355
328
12
69
377
479
430
264
449
287
158
134
244
193
267
30
318
339
104
126
437
370
284
209
480
254
291
223
127
412
98
299
40
458
137
16
374
12
479
19
433
180
257
405
119
391
145
277
208
127
134
242
239
250
369
144
461
46
347
113
30
241
265
340
66
103
393
464
180
492
486
426
293
440
372
483
315
417
373
146
326
65
360
122
339
74
184
208
60
165
192
255
335
210
270
278
295
332
338
252
18
274
462
445
449
249
157
447
85
462
296
71
59
363
382
46
165
180
219
244
69
342
382
288
56
273
475
351
16
248
171
33
170
137
171
277
116
268
495
18
82
358
231
476
61
411
424
263
296
444
352
168
70
249
186
457
227
249
326
473
334
161
448
376
403
271
399
2
264
266
460
250
498
147
299
119
163
499
123
269
256
156
108
488
415
154
381
138
320
181
178
329
420
392
264
120
300
349
312
22
91
376
127
290
136
471
79
385
417
360
254
344
96
180
289
407
413
239
135
289
401
104
11
373
42
380
278
120
38
422
369
128
490
18
445
34
281
118
381
219
84
456
335
372
482
470
276
83
336
72
428
78
490
29
315
462
475
340
233
465
170
437
135
58
18
347
491
460
66
303
24
365
129
253
116
325
184
199
87
145
138
399
451
288
222
307
456
482
316
485
431
412
206
271
137
68
132
494
60
425
171
124
267
394
117
35
83
217
195
185
249
137
143
127
198
379
454
400
452
341
31
381
355
145
283
133
191
323
303
81
351
358
107
57
172
241
465
332
250
228
343
395
136
25
319
336
272
492
395
326
201
273
20
25
230
165
177
305
40
48
31
25
222
255
51
330
10
61
65
276
40
268
393
357
163
189
302
420
222
496
290
181
89
443
407
304
122
288
216
297
419
320
200
195
48
458
10
228
368
325
30
332
386
376
97
79
30
447
74
269
19
298
248
52
120
262
442
408
225
43
292
85
227
372
446
87
297
123
140
184
161
272
125
243
195
174
281
199
178
270
411
375
236
215
192
50
243
81
110
32
228
473
101
84
126
482
451
282
280
317
70
295
492
224
412
433
213
125
451
344
95
70
288
119
338
449
51
158
381
30
316
468
456
268
203
2
214
33
12
451
279
289
120
113
459
142
483
447
345
79
146
468
231
358
53
147
360
209
68
91
275
396
267
35
274
158
332
288
460
345
1
265
130
282
222
199
303
420
105
59
263
293
244
282
257
78
436
181
84
394
111
167
314
36
218
191
289
358
95
361
421
411
423
344
23
139
103
423
227
140
407
72
488
453
118
231
335
197
23
79
269
111
255
314
439
41
327
26
96
29
355
365
184
119
99
332
1
463
17
97
175
57
262
408
59
490
389
406
335
363
209
484
11
384
460
62
85
278
65
67
327
484
73
34
340
191
73
436
307
268
272
490
92
305
365
396
269
207
139
383
485
335
420
471
44
287
122
409
173
299
156
242
169
256
205
437
8
349
159
422
74
132
490
154
37
332
249
399
206
323
134
401
405
461
227
106
135
318
34
339
288
85
47
282
241
440
136
441
283
232
200
207
4
173
119
233
191
381
67
408
72
12
403
214
280
310
283
475
174
57
206
394
373
217
254
445
360
337
113
158
82
88
481
250
317
82
120
3
487
256
213
437
29
49
214
24
40
51
122
30
140
162
470
52
441
279
106
318
2
60
218
499
79
102
331
398
171
62
304
277
232
369
119
85
409
131
320
79
27
422
287
123
474
84
65
349
180
159
132
94
272
313
444
286
426
116
260
449
279
25
344
369
116
377
195
460
49
158
437
113
409
228
152
243
162
222
419
157
142
289
403
7
346
235
282
113
459
388
433
28
288
111
169
18
184
424
212
32
128
134
109
237
12
498
420
412
19
142
87
36
108
33
137
161
379
468
347
196
194
398
69
429
193
152
442
282
224
306
30
281
93
117
392
177
217
314
37
19
256
266
337
104
318
353
447
450
57
114
59
278
77
421
75
324
315
248
75
408
371
475
415
427
225
335
217
55
24
206
457
242
159
104
338
242
161
51
55
381
226
446
159
368
12
304
69
452
164
241
437
357
45
389
54
178
229
317
196
360
233
18
38
390
321
500
131
135
194
496
68
493
321
375
331
488
122
303
240
47
187
195
328
390
140
357
181
451
187
269
81
62
320
287
25
384
96
49
148
500
57
471
87
470
373
68
405
422
329
465
199
77
299
24
463
1
450
203
324
483
112
106
490
497
353
268
381
156
468
127
100
10
159
319
93
114
99
237
96
270
141
301
199
40
33
497
201
341
320
30
389
151
470
287
123
358
287
259
68
344
123
316
153
174
56
372
180
305
473
317
500
5
487
122
195
254
198
419
94
35
169
114
404
217
392
191
287
456
212
202
325
138
311
130
138
365
493
474
224
59
499
435
485
179
19
270
357
492
200
343
95
248
456
231
14
84
16
128
453
238
481
202
200
291
135
321
133
125
286
306
352
466
469
296
376
421
50
87
119
427
338
191
37
421
11
95
199
399
82
496
247
262
302
1
161
256
132
98
89
401
356
29
360
241
106
77
157
77
348
138
260
468
10
28
274
12
262
477
3
361
269
105
335
117
239
222
146
300
340
429
393
108
30
191
340
341
497
259
40
449
14
409
316
81
263
292
379
453
331
465
270
433
183
448
355
78
469
464
208
196
460
197
428
283
53
119
251
297
278
55
303
55
258
464
462
214
454
376
286
177
335
319
96
477
127
458
464
15
212
47
270
9
22
407
232
198
118
144
138
182
340
253
61
497
190
110
252
299
189
41
428
102
339
5
416
464
288
479
138
329
316
487
49
340
315
477
429
388
305
374
447
376
246
157
210
435
91
249
324
343
91
481
193
134
365
411
412
434
2
105
187
238
415
133
447
106
310
392
245
93
438
219
4
322
85
458
153
369
325
136
88
230
134
268
76
441
75
61
16
240
235
29
239
474
452
454
54
254
181
457
335
419
2
116
278
364
351
236
443
217
106
437
435
412
344
67
303
452
305
341
46
395
178
132
493
494
484
24
443
204
9
57
428
423
415
293
14
375
78
37
332
65
300
232
424
169
349
179
274
395
467
437
444
193
348
294
53
159
442
324
93
181
137
149
257
138
454
291
97
188
25
43
12
373
196
196
495
433
427
314
188
271
396
472
262
300
137
381
86
304
426
380
212
461
210
247
321
327
165
54
302
311
431
56
309
117
28
212
127
51
483
332
346
259
417
315
72
341
279
296
424
40
67
404
416
216
85
20
225
462
451
116
108
448
47
430
61
329
48
136
285
472
448
478
67
25
95
75
5
497
491
156
120
149
113
251
70
493
408
94
274
196
202
191
317
491
461
17
297
248
482
243
47
472
246
56
188
164
314
241
494
434
228
421
75
131
196
98
315
434
307
206
315
148
293
25
322
274
285
225
61
232
475
168
140
211
282
290
206
238
148
252
211
268
206
163
161
265
78
210
450
361
373
396
72
457
208
381
148
289
55
160
373
116
261
75
187
489
410
64
243
6
430
100
35
45
211
319
212
146
456
86
462
15
284
397
159
56
283
159
110
307
41
420
381
310
40
162
456
380
102
129
126
463
103
286
82
454
373
473
455
294
165
303
191
191
423
193
484
114
276
76
67
4
376
493
320
147
240
201
220
35
344
381
462
380
4
27
346
257
22
261
400
495
118
261
388
76
102
421
455
57
416
302
7
81
141
194
411
340
360
321
50
349
136
354
448
136
152
221
318
199
448
156
77
497
211
174
272
468
434
246
197
242
265
304
14
138
99
2
172
281
66
362
300
102
346
161
290
255
61
398
160
430
47
308
252
231
327
212
333
461
237
5
222
234
463
476
111
169
45
170
315
331
194
447
419
20
253
25
437
143
466
32
399
133
286
461
377
160
163
342
289
148
233
32
299
32
481
273
295
55
106
69
375
117
4
217
255
265
261
34
31
293
145
418
138
38
244
230
153
352
255
8
294
199
88
320
28
427
417
226
123
102
140
109
2
393
440
57
4
69
275
84
80
369
301
79
290
110
335
451
465
227
319
313
274
31
352
242
375
11
266
310
248
460
306
231
80
413
215
296
17
138
349
238
446
243
457
143
2
289
190
369
402
342
433
134
236
457
273
192
7
43
338
237
104
99
463
255
27
8
464
13
232
161
118
233
331
41
54
218
298
237
497
289
366
423
281
418
85
356
3
249
470
27
24
463
407
474
417
134
493
327
312
180
472
311
296
23
342
424
466
127
182
184
209
405
411
456
390
379
185
286
63
305
196
471
80
480
122
142
240
387
347
485
218
74
218
204
307
252
21
427
279
86
17
207
433
311
141
388
222
282
451
216
399
456
247
4
114
453
278
191
302
218
381
74
380
234
360
294
286
370
349
27
334
350
318
97
313
200
205
232
194
126
143
287
475
416
16
328
56
495
36
274
214
401
382
419
440
395
388
166
417
283
205
326
473
386
224
280
370
229
172
78
491
263
243
366
126
488
187
488
158
310
272
364
296
236
120
210
500
266
100
325
121
215
6
31
204
117
423
353
443
128
162
135
81
487
123
361
393
32
37
500
106
133
45
479
35
210
318
197
339
113
366
245
35
112
224
371
364
197
21
499
195
393
491
21
56
321
353
69
494
23
324
195
162
493
483
291
366
74
218
288
268
110
255
415
352
425
275
111
155
90
402
105
156
138
207
173
316
182
234
473
396
176
360
295
160
353
421
32
259
35
424
115
176
167
349
87
114
236
473
56
414
87
43
63
384
155
61
252
381
217
377
253
41
75
476
178
91
232
315
239
255
236
200
86
410
241
104
376
33
75
391
43
63
418
64
207
47
59
52
211
96
480
249
250
374
108
345
233
226
234
272
419
90
390
337
108
86
109
220
301
296
312
380
159
263
203
302
35
197
211
279
178
33
445
279
491
133
249
57
279
331
263
401
104
45
1
150
278
156
363
426
408
65
199
454
426
434
4
271
97
20
43
418
103
306
273
53
326
19
455
124
355
113
279
389
27
156
119
360
115
473
361
425
389
159
443
339
43
306
228
106
30
347
422
168
416
146
439
374
177
113
349
489
406
249
158
208
73
59
294
378
464
327
169
86
176
413
464
241
289
61
310
106
182
436
42
491
484
172
251
210
197
382
431
113
184
476
70
264
49
244
386
104
41
355
4
384
468
445
468
424
166
466
21
415
83
67
12
375
395
131
84
192
140
38
417
18
469
131
116
182
436
416
60
145
291
252
474
169
99
278
60
223
127
45
443
389
498
303
183
304
192
421
164
417
429
421
201
416
83
14
61
487
72
146
95
375
135
155
365
146
378
108
379
459
131
309
190
88
488
438
409
236
22
194
416
83
61
10
455
12
421
395
303
454
475
133
364
99
293
10
38
255
66
259
223
374
16
78
400
313
497
44
208
221
450
181
306
161
490
250
173
25
245
198
479
358
359
191
55
325
36
56
114
196
353
133
74
202
56
385
405
216
308
13
188
397
319
359
326
476
40
114
17
466
99
499
318
361
338
60
34
454
50
126
167
145
370
197
112
84
473
247
208
426
147
66
59
132
425
231
378
176
276
462
102
185
32
11
353
148
175
391
44
101
468
322
460
398
263
64
234
101
500
367
22
83
1
363
447
90
489
227
427
246
394
10
321
435
373
103
207
428
453
283
490
73
59
104
157
462
55
453
170
360
224
223
331
372
344
126
72
472
321
140
148
70
293
352
185
77
395
387
416
493
479
459
485
403
88
375
380
22
307
414
405
404
178
269
283
244
219
27
150
331
96
92
480
183
172
424
353
409
384
180
73
409
170
278
41
165
366
47
324
427
225
353
97
390
473
451
308
175
58
81
143
179
288
471
430
302
239
381
58
3
10
118
21
72
274
64
355
493
38
268
297
266
489
184
210
112
500
14
85
49
258
274
190
96
313
46
248
229
155
62
202
357
454
225
292
75
152
351
187
389
483
492
405
229
116
140
97
154
231
387
195
389
278
125
321
372
290
314
174
124
426
223
314
226
164
386
472
478
16
396
272
284
35
459
212
492
454
108
33
340
456
490
390
42
251
435
337
500
464
276
486
245
149
498
7
175
127
103
270
62
178
181
389
272
97
316
36
428
28
443
102
319
289
457
425
172
265
307
258
174
356
316
295
427
108
428
182
283
465
490
146
195
288
188
369
58
266
445
500
134
380
111
379
248
203
432
96
409
477
463
304
249
117
466
9
158
165
24
352
364
440
305
8
190
434
337
25
490
124
414
88
82
296
455
23
391
205
254
28
57
203
59
109
108
352
431
32
478
106
318
213
330
214
147
358
227
266
400
113
433
52
177
277
264
198
191
36
264
474
311
264
302
186
399
427
134
109
318
140
495
254
396
460
390
340
191
48
291
393
207
296
342
499
138
19
169
390
328
349
108
32
139
293
169
209
408
181
129
334
7
131
477
317
118
224
21
300
14
297
344
298
187
277
449
318
221
135
112
327
467
260
272
353
17
41
419
414
413
363
438
48
339
439
385
364
98
109
340
425
398
410
336
254
321
470
388
272
50
38
12
309
106
66
430
183
398
66
232
24
290
299
458
64
57
218
149
248
120
54
281
174
335
325
220
76
145
219
352
417
282
106
57
496
260
448
29
185
448
116
24
284
158
21
18
231
150
166
360
462
437
216
478
31
223
331
264
112
112
323
368
220
65
490
24
137
2
163
79
242
277
400
234
24
167
270
435
349
335
375
492
120
362
357
103
49
212
493
213
341
356
204
191
461
61
83
95
99
456
429
144
274
477
105
468
436
141
175
263
24
269
171
249
364
23
186
413
281
285
360
347
79
463
184
332
464
397
258
1
335
229
191
190
341
323
313
448
443
61
441
127
117
426
463
3
211
117
462
48
369
45
436
317
251
393
286
415
176
271
235
258
135
223
11
200
116
428
222
249
97
410
87
442
177
369
169
383
464
340
231
314
131
407
88
458
85
336
285
262
101
198
260
172
62
142
293
416
60
93
261
142
27
167
251
362
216
183
392
469
451
194
330
270
28
324
75
176
336
41
178
320
81
56
472
248
499
283
263
140
386
104
232
500
492
456
218
272
309
96
285
349
403
159
354
193
176
243
321
31
243
205
310
282
391
283
251
157
499
324
175
380
37
135
362
478
40
115
189
280
10
442
340
330
11
489
190
260
364
345
313
270
239
301
478
430
113
15
381
60
249
119
240
431
330
89
133
2
142
139
326
233
247
224
224
222
227
401
432
268
284
145
473
249
165
415
74
280
130
127
61
434
434
297
425
130
394
279
362
56
223
211
434
290
217
200
434
225
265
212
129
452
447
441
205
91
336
300
416
252
256
285
176
41
397
380
257
269
270
374
301
118
358
130
86
347
121
246
381
167
327
130
376
80
496
339
45
386
424
418
39
37
57
453
359
254
43
270
425
78
493
195
290
190
306
356
309
370
237
60
252
280
433
422
217
116
168
99
156
391
381
143
435
103
363
426
175
372
268
201
23
138
478
161
204
284
98
417
184
220
320
149
12
71
153
493
474
208
293
13
458
318
246
328
12
278
86
326
498
243
490
141
386
324
350
299
146
423
387
160
239
498
28
42
214
440
334
9
183
367
30
364
329
46
39
175
98
115
260
192
315
146
183
246
180
178
395
229
132
277
33
469
485
336
233
127
81
174
130
495
368
312
423
14
218
171
127
208
116
363
83
490
15
189
251
207
97
141
326
40
440
192
22
398
122
282
197
87
463
111
78
375
67
475
273
481
145
198
91
288
97
378
208
218
275
245
218
330
435
30
498
228
324
312
71
183
226
49
355
74
351
362
405
347
404
132
500
500
148
324
95
377
402
297
185
372
99
271
418
255
276
143
413
183
160
312
220
107
258
492
405
442
331
170
168
396
206
281
455
101
244
436
327
191
24
475
434
322
50
279
25
100
167
467
90
420
144
219
37
431
278
424
28
172
437
148
69
58
163
413
339
350
234
498
262
318
183
475
395
230
340
264
312
258
403
281
170
313
135
389
363
98
272
84
247
177
113
205
364
73
314
214
401
358
51
23
379
5
454
342
38
339
36
46
310
20
480
468
330
37
483
329
320
447
259
484
177
476
239
194
37
298
436
413
163
370
159
261
394
381
249
432
438
161
364
498
238
323
458
447
191
357
350
44
355
103
113
460
50
202
191
128
181
290
474
266
403
498
398
192
396
446
316
341
4
49
462
470
162
148
426
305
441
274
71
188
486
47
365
498
313
265
181
138
16
428
86
98
403
191
143
118
103
153
348
169
70
440
151
185
387
10
314
367
299
10
362
23
345
438
211
202
40
120
121
215
261
195
151
126
345
410
61
181
407
494
24
404
48
421
193
296
46
469
239
292
142
325
60
115
490
180
441
56
50
362
106
127
202
203
143
392
249
42
63
172
3
353
334
105
347
365
105
259
147
233
456
294
372
385
230
17
321
344
180
76
28
338
425
428
410
497
65
224
373
482
174
148
277
182
341
204
285
410
183
66
187
495
94
184
143
115
138
246
435
12
437
384
272
159
308
224
454
19
417
168
138
110
276
65
221
450
84
268
294
346
412
483
292
234
435
189
351
145
308
434
436
401
194
72
101
285
430
89
336
54
379
176
411
1
114
352
134
486
498
449
145
397
422
478
494
379
170
294
276
138
2
286
278
362
10
212
118
176
74
81
225
98
16
450
237
259
333
295
358
420
447
260
330
108
145
359
320
411
334
327
478
257
263
299
39
6
216
298
96
389
323
37
353
299
277
201
48
90
435
237
496
392
113
33
174
180
303
62
316
13
438
462
318
164
402
21
438
236
169
349
59
172
332
438
283
472
252
61
494
443
46
427
347
92
418
338
91
434
19
94
248
362
2
412
176
45
10
256
292
441
465
333
168
484
148
458
333
180
248
460
491
91
451
28
77
222
79
14
186
149
185
442
24
222
255
417
393
244
83
10
263
23
206
121
208
469
339
373
378
355
42
452
245
467
300
493
500
92
488
378
389
337
380
479
22
172
220
164
468
418
235
11
90
272
371
94
189
394
136
403
468
265
150
273
73
119
198
500
33
238
77
391
112
243
241
434
426
72
311
10
496
180
358
319
168
21
346
128
157
230
104
263
326
424
198
499
86
34
170
380
403
239
45
416
296
279
261
410
147
446
3
330
242
193
121
308
450
98
471
230
232
233
342
175
206
80
255
296
273
52
168
494
480
454
382
433
118
191
191
19
67
32
237
266
227
322
317
311
62
180
117
334
241
71
388
251
49
256
323
15
437
92
387
42
449
371
208
221
254
132
406
128
470
39
175
381
449
296
74
403
186
283
390
345
155
158
184
128
186
181
349
462
262
303
268
480
419
467
474
499
366
391
20
407
247
132
66
147
438
390
129
297
486
22
356
436
181
341
67
304
469
290
359
414
177
156
264
262
246
411
480
456
214
264
122
424
406
239
246
424
225
425
372
395
443
98
475
464
106
114
88
315
439
489
231
448
349
440
280
114
434
308
422
215
427
85
87
472
40
207
314
344
150
179
497
27
477
209
44
407
424
107
400
338
242
22
71
488
179
297
97
75
442
161
385
319
196
320
460
240
97
223
52
140
111
455
241
164
99
359
348
122
451
268
443
188
219
101
392
415
78
302
381
340
122
292
492
13
135
430
383
223
135
454
179
114
170
110
66
39
478
352
251
277
485
493
206
260
114
58
444
245
40
234
307
331
7
19
2
455
87
298
274
373
216
362
182
395
54
182
481
210
360
135
172
374
491
324
324
209
74
311
36
352
123
74
385
41
136
341
419
283
96
184
312
123
396
464
471
224
49
385
120
324
82
419
343
49
32
95
143
472
470
74
219
422
45
72
264
372
32
500
107
432
239
349
450
453
15
262
479
321
50
14
17
323
212
376
258
465
50
25
449
383
210
241
433
452
289
144
310
380
184
390
133
103
163
452
233
6
496
181
337
233
161
457
186
93
420
498
335
102
395
189
451
236
56
351
76
175
155
293
141
464
104
151
101
365
394
360
175
67
175
121
477
379
321
262
421
467
84
168
39
339
332
255
37
402
273
426
46
277
314
306
446
57
411
70
187
413
10
486
195
309
318
394
495
251
242
289
445
414
15
15
265
498
283
256
272
317
68
484
484
154
467
311
339
183
6
193
463
257
313
190
318
19
466
373
294
103
204
434
126
151
360
41
73
484
362
235
351
69
482
90
16
456
233
319
144
395
286
488
249
56
463
264
146
213
77
245
161
376
77
262
260
174
411
374
406
188
419
207
226
475
120
480
283
200
32
22
448
233
361
25
447
162
187
110
373
277
31
149
179
295
497
391
494
301
8
30
419
46
68
499
265
483
477
261
323
358
284
67
376
443
199
204
323
471
72
321
185
353
129
167
67
96
56
237
237
62
332
358
58
254
145
370
23
89
116
79
179
457
178
385
49
226
185
253
193
96
135
246
410
225
249
226
93
2
72
458
337
444
14
51
64
238
231
430
234
419
297
118
158
83
82
33
241
111
405
391
476
44
12
322
437
154
173
13
55
492
451
119
223
199
134
451
262
472
70
5
369
89
365
379
500
358
271
318
456
485
231
35
465
335
441
88
498
17
143
243
193
281
178
132
273
133
181
422
110
152
488
368
222
367
212
277
169
73
354
38
174
129
263
301
276
473
259
20
239
243
405
402
402
197
386
381
297
444
485
347
325
66
117
465
44
129
19
78
139
455
219
211
293
72
245
156
8
493
264
412
83
403
433
300
221
325
282
467
36
248
168
37
1
500
264
18
303
14
27
261
177
439
214
160
241
213
422
105
308
120
100
219
57
79
111
281
190
269
137
89
255
451
155
224
85
403
6
395
257
220
492
413
457
186
327
149
112
63
186
251
119
316
280
219
138
171
238
190
4
43
445
73
401
338
53
265
148
29
81
90
49
88
19
413
89
247
95
455
231
465
368
232
499
221
490
69
248
157
117
341
144
305
34
86
211
65
335
307
341
402
55
240
410
414
350
346
118
384
52
355
334
40
301
289
207
480
380
53
330
32
172
67
58
99
466
148
121
164
128
200
245
416
13
112
347
365
272
115
150
382
426
255
498
488
494
15
84
235
354
87
276
149
166
337
452
211
367
483
101
214
250
350
435
165
97
220
83
275
295
340
479
69
323
280
255
20
161
412
332
499
226
276
253
359
398
178
215
196
329
124
404
313
254
288
237
361
128
33
116
432
154
42
431
32
376
224
222
356
71
32
261
222
222
99
43
208
253
332
64
137
250
279
98
457
346
18
284
245
61
370
233
471
29
337
273
323
427
79
393
267
105
102
51
305
207
94
412
155
247
169
136
262
65
110
125
135
382
144
258
344
298
180
274
31
259
242
71
40
123
137
230
160
18
117
328
322
461
150
62
3
425
56
407
277
174
369
3
317
421
486
102
168
28
406
31
130
425
232
216
92
321
445
130
186
417
401
495
387
405
160
428
475
71
338
232
453
180
130
374
383
13
401
279
276
352
47
312
3
150
132
397
36
131
197
86
42
221
147
366
263
500
411
133
92
61
490
216
360
165
86
174
379
113
453
169
287
98
265
186
176
318
341
117
361
65
100
79
41
239
207
216
56
261
465
253
19
249
320
241
98
456
237
26
447
127
321
144
216
274
74
442
210
291
480
136
431
276
68
32
215
150
76
55
279
374
487
322
67
24
213
84
423
305
371
186
415
154
435
390
223
412
28
488
425
488
365
43
14
13
311
194
63
322
107
328
3
67
60
410
180
132
321
442
499
335
51
227
53
136
117
224
130
465
183
272
147
480
423
49
500
352
233
48
255
192
489
8
67
313
405
199
58
486
57
416
81
363
248
438
356
437
2
359
25
463
263
69
439
213
418
480
345
419
469
407
252
414
20
292
80
378
237
260
106
365
10
3
483
184
418
379
348
323
433
311
494
6
469
326
115
346
117
73
435
499
395
114
137
40
58
155
47
89
216
264
24
3
292
289
70
305
10
37
26
87
468
154
47
187
359
215
345
329
458
365
432
252
298
466
176
394
491
364
349
94
282
205
217
329
266
1
210
497
41
180
390
405
232
301
368
249
147
126
170
18
20
155
386
258
272
377
36
321
290